258.0000 1.0000 15.0000 -0.1700 -0.7900 0.7700 -40.9100 -53.9100 5.8200
259.0000 0.0000 15.0000 -0.0300 -1.0000 1.2900 -40.7300 -54.3600 5.9200
258.0000 0.0000 13.0000 -0.5400 -0.8800 1.1900 -40.9100 -54.0900 6.0200
259.0000 0.0000 15.0000 -0.3500 -0.7900 0.8900 -40.9100 -54.2700 6.3300
259.0000 0.0000 15.0000 -0.1100 -0.9800 0.9300 -40.8200 -54.0000 6.1200
259.0000 1.0000 14.0000 -0.1600 -1.1200 0.9600 -40.9100 -54.1800 5.9200
260.0000 0.0000 14.0000 -0.3700 -0.9100 0.9100 -40.9100 -54.2700 6.1200
259.0000 1.0000 13.0000 -0.3700 -1.0000 1.2800 -41.0000 -53.8200 6.2200
259.0000 0.0000 15.0000 -0.1100 -1.0100 0.9600 -40.9100 -54.0900 6.4300
258.0000 0.0000 15.0000 -0.3100 -0.5600 1.0300 -40.9100 -53.9100 5.9200
259.0000 1.0000 14.0000 -0.4700 -1.0100 1.0700 -41.0000 -54.1800 5.9200
258.0000 1.0000 14.0000 -0.5200 -1.1000 0.8900 -40.7300 -54.0900 6.2200
259.0000 0.0000 14.0000 -0.1900 -1.2100 1.3800 -40.9100 -54.1800 6.2200
259.0000 0.0000 15.0000 -0.3800 -0.8600 1.4400 -40.7300 -54.1800 6.3300
259.0000 0.0000 16.0000 -0.5600 -0.7700 0.7200 -40.9100 -53.9100 5.9200
260.0000 1.0000 14.0000 -0.3100 -1.2300 1.2600 -40.9100 -54.2700 6.1200
259.0000 0.0000 15.0000 -0.1200 -0.8400 0.0500 -40.7300 -54.2700 6.4300
260.0000 1.0000 15.0000 -0.1600 -0.4900 0.3300 -40.9100 -54.4500 6.0200
258.0000 1.0000 14.0000 -0.4700 -0.4000 -0.0900 -40.6400 -54.0900 5.8200
258.0000 1.0000 14.0000 -1.2900 0.1400 -0.2100 -40.7300 -54.4500 6.1200
261.0000 0.0000 17.0000 -5.6000 -0.2300 0.2300 -40.8200 -54.5500 5.7100
259.0000 1.0000 15.0000 -6.8200 -0.9500 1.2600 -40.7300 -54.1800 5.7100
259.0000 1.0000 16.0000 -0.8800 -0.6300 0.6500 -40.6400 -54.1800 5.3100
258.0000 2.0000 16.0000 -2.8900 -0.7000 1.1900 -40.7300 -54.2700 5.4100
259.0000 1.0000 16.0000 -4.9400 -0.8400 1.2600 -40.5500 -54.1800 5.3100
259.0000 1.0000 16.0000 -5.3600 -1.0300 1.3800 -40.3600 -54.0000 5.2000
258.0000 1.0000 16.0000 -7.2600 -0.9500 0.8800 -40.9100 -54.0900 5.3100
258.0000 1.0000 14.0000 -6.3700 -0.8100 1.3500 -40.6400 -54.0000 4.6900
260.0000 1.0000 16.0000 -8.8000 -0.8400 1.1700 -40.6400 -53.6400 4.8000
259.0000 1.0000 16.0000 -6.3500 -0.6300 1.0300 -40.8200 -53.7300 4.2900
259.0000 0.0000 15.0000 -7.3000 -1.1900 1.0900 -40.5500 -53.4500 4.3900
259.0000 1.0000 16.0000 -5.1300 -0.8400 1.2600 -40.7300 -53.4500 4.1800
258.0000 1.0000 16.0000 -6.5300 -1.4500 1.3800 -40.7300 -53.3600 4.0800
258.0000 1.0000 16.0000 -8.8200 -1.0700 0.6700 -40.7300 -53.4500 4.0800
259.0000 1.0000 16.0000 -9.9200 -0.9300 0.9300 -40.5500 -53.0900 3.7800
259.0000 1.0000 15.0000 -4.9900 -1.0100 1.0500 -40.7300 -52.8200 3.5700
258.0000 1.0000 16.0000 -6.9300 -1.3500 1.1000 -40.7300 -52.8200 3.3700
258.0000 1.0000 15.0000 -5.8800 -1.1400 1.0100 -40.6400 -52.8200 3.6700
259.0000 1.0000 16.0000 -6.6200 -0.8900 1.0700 -40.6400 -52.5500 2.9600
259.0000 1.0000 15.0000 -7.7400 -1.1500 1.1000 -40.6400 -52.5500 3.0600
259.0000 1.0000 16.0000 -9.5700 -1.0000 1.1400 -40.5500 -52.0900 2.7600
259.0000 1.0000 16.0000 -8.6300 -1.0500 1.2800 -40.6400 -52.1800 2.7600
258.0000 1.0000 15.0000 -8.5700 -0.7400 1.2600 -40.3600 -52.0900 2.2400
259.0000 0.0000 15.0000 -9.4500 -0.6800 1.0100 -40.7300 -51.8200 2.3500
258.0000 1.0000 15.0000 -10.1500 -1.1200 1.2900 -40.4500 -51.8200 2.0400
259.0000 0.0000 16.0000 -3.6600 -1.0700 1.1000 -40.3600 -51.7300 1.5300
259.0000 1.0000 15.0000 -11.1800 -1.1900 0.9600 -40.7300 -51.4500 1.7300
259.0000 1.0000 16.0000 -8.6300 -0.8200 1.0700 -40.4500 -51.0900 1.3300
258.0000 1.0000 16.0000 -10.3100 -1.1900 0.6800 -40.5500 -50.9100 1.3300
259.0000 1.0000 14.0000 -10.3400 -1.1500 1.1400 -40.3600 -51.0900 1.6300
259.0000 0.0000 17.0000 -5.7800 -1.1000 0.7900 -40.8200 -50.5500 0.8200
258.0000 1.0000 14.0000 -8.8600 -1.3700 1.3500 -40.6400 -50.6400 0.7100
258.0000 1.0000 16.0000 -10.9700 -1.2600 1.4700 -40.7300 -50.2700 0.4100
259.0000 1.0000 16.0000 -12.1800 -1.2800 1.3700 -40.8200 -49.9100 0.4100
260.0000 0.0000 15.0000 -10.6200 -0.8600 0.9500 -40.9100 -49.7300 0.1000
259.0000 1.0000 15.0000 -9.6300 -1.0000 1.4500 -40.4500 -49.5500 -0.1000
259.0000 1.0000 15.0000 -13.5600 -0.9800 1.2600 -40.5500 -49.7300 -0.2000
259.0000 1.0000 15.0000 -7.5800 -1.1400 0.8100 -40.5500 -49.0900 -0.3100
259.0000 1.0000 16.0000 -7.4200 -0.9600 1.5800 -40.6400 -48.8200 -0.7100
259.0000 1.0000 16.0000 -8.3500 -1.1200 1.4500 -40.5500 -48.8200 -0.7100
259.0000 1.0000 16.0000 -7.4600 -0.7200 1.1500 -40.5500 -48.9100 -1.0200
259.0000 0.0000 16.0000 -8.3600 -1.0000 1.5600 -40.6400 -48.6400 -1.3300
258.0000 1.0000 15.0000 -9.8000 -0.8800 1.2300 -40.6400 -48.2700 -0.8200
259.0000 0.0000 15.0000 -10.5000 -1.0500 1.2600 -40.6400 -48.0000 -1.4300
258.0000 0.0000 15.0000 -6.5300 -0.7400 1.3300 -40.6400 -48.0900 -1.4300
259.0000 0.0000 15.0000 -4.2200 -0.8900 0.9600 -40.4500 -47.5500 -1.7300
259.0000 0.0000 15.0000 -4.5300 -1.3100 1.0900 -40.5500 -47.6400 -1.5300
259.0000 0.0000 15.0000 -8.8600 -1.1700 1.2900 -40.9100 -47.2700 -1.9400
258.0000 0.0000 16.0000 -6.8200 -0.7500 1.0900 -40.5500 -47.1800 -1.9400
259.0000 0.0000 15.0000 -9.4200 -1.2400 1.5800 -40.6400 -47.0000 -2.0400
258.0000 0.0000 15.0000 -10.1900 -0.9100 1.4200 -40.7300 -46.5500 -2.1400
259.0000 0.0000 15.0000 -11.3400 -0.7400 1.1200 -40.7300 -46.4500 -2.3500
258.0000 0.0000 15.0000 -11.1300 -1.3100 1.6500 -40.5500 -46.2700 -2.6500
259.0000 -1.0000 15.0000 -10.9600 -1.1900 1.3100 -40.9100 -45.7300 -2.7600
259.0000 -1.0000 14.0000 -11.1700 -1.2100 1.7800 -40.5500 -45.6400 -2.8600
259.0000 0.0000 14.0000 -10.6400 -1.1700 1.0700 -40.9100 -45.2700 -3.2700
259.0000 -1.0000 15.0000 -7.1900 -1.5600 1.7700 -40.6400 -45.1800 -3.2700
259.0000 -1.0000 14.0000 -5.4600 -1.0000 1.2300 -40.7300 -45.1800 -3.3700
258.0000 0.0000 16.0000 -8.0700 -0.9300 0.8900 -40.6400 -44.7300 -3.1600
258.0000 0.0000 14.0000 -1.4400 -1.4000 0.6100 -40.8200 -44.5500 -3.3700
258.0000 1.0000 15.0000 -7.4200 -0.9100 0.7200 -40.8200 -44.6400 -3.1600
259.0000 0.0000 14.0000 -11.0600 -1.1500 1.2800 -40.6400 -44.8200 -3.5700
259.0000 -1.0000 15.0000 -9.4500 -1.0300 0.9600 -40.7300 -44.1800 -3.5700
258.0000 0.0000 15.0000 -10.0600 -1.1400 1.0300 -40.6400 -44.0000 -3.9800
259.0000 -1.0000 15.0000 -16.6800 -1.6300 1.3300 -40.7300 -43.7300 -3.7800
259.0000 0.0000 15.0000 -13.4800 -1.1700 0.7900 -40.8200 -43.1800 -4.1800
259.0000 0.0000 13.0000 -8.5900 -0.8100 1.3300 -40.7300 -43.2700 -3.9800
258.0000 -1.0000 15.0000 -16.8400 -0.6300 1.2400 -40.6400 -42.8200 -4.3900
259.0000 1.0000 14.0000 -21.8200 -0.6000 0.9800 -40.7300 -42.5500 -4.2900
258.0000 -1.0000 15.0000 -16.8700 -1.0000 0.4700 -40.8200 -41.6400 -4.6900
258.0000 0.0000 13.0000 -18.0800 -1.2800 0.6300 -40.8200 -41.4500 -4.8000
261.0000 -1.0000 14.0000 -11.1800 -1.1500 0.6500 -40.8200 -41.0900 -5.0000
259.0000 0.0000 15.0000 -11.6200 -0.9300 1.0900 -40.6400 -40.6400 -5.1000
259.0000 0.0000 14.0000 -11.0400 -0.7000 0.7200 -40.9100 -40.8200 -5.3100
259.0000 0.0000 14.0000 -16.0300 -1.1900 1.1900 -40.7300 -40.0000 -5.4100
258.0000 0.0000 14.0000 -14.4900 -1.0700 1.1900 -40.9100 -39.5500 -5.5100
259.0000 0.0000 15.0000 -14.2100 -0.7000 1.1700 -40.6400 -39.0000 -5.6100
260.0000 0.0000 13.0000 -10.3100 -1.1700 1.0100 -40.8200 -38.9100 -5.7100
258.0000 0.0000 13.0000 -14.2500 -1.1200 1.3300 -40.8200 -38.5500 -5.7100
259.0000 -1.0000 14.0000 -11.9500 -0.9500 1.6300 -41.1800 -37.9100 -5.8200
259.0000 0.0000 14.0000 -10.8900 -1.2300 1.1700 -40.5500 -37.9100 -5.7100
259.0000 0.0000 13.0000 -10.9200 -1.0300 1.0100 -40.6400 -37.2700 -6.0200
259.0000 0.0000 14.0000 -17.4300 -1.0300 1.1200 -40.7300 -36.9100 -6.2200
260.0000 0.0000 14.0000 -13.2100 -1.2400 0.8600 -40.7300 -36.3600 -6.2200
259.0000 -1.0000 13.0000 -13.5100 -1.0900 1.5200 -40.8200 -36.1800 -6.2200
259.0000 -1.0000 13.0000 -12.4800 -0.9300 1.0500 -40.5500 -35.6400 -6.0200
258.0000 -1.0000 13.0000 -10.0100 -0.8200 0.9600 -40.5500 -35.3600 -6.3300
259.0000 -1.0000 13.0000 -11.2000 -1.1900 1.1200 -40.8200 -35.1800 -6.4300
259.0000 -1.0000 13.0000 -5.8800 -0.9100 1.0300 -40.9100 -34.8200 -6.3300
259.0000 -1.0000 13.0000 -3.5900 -0.9500 1.1900 -40.7300 -35.0900 -6.3300
259.0000 0.0000 13.0000 -6.5100 -1.1700 1.1000 -40.8200 -34.5500 -6.1200
259.0000 -1.0000 13.0000 -11.2900 -1.1400 1.2900 -40.8200 -34.2700 -6.4300
259.0000 -1.0000 12.0000 -9.2100 -0.7900 1.0100 -41.0900 -33.9100 -6.5300
259.0000 0.0000 13.0000 -15.7200 -1.0100 1.2600 -40.9100 -33.8200 -6.3300
259.0000 0.0000 13.0000 -13.9300 -1.0500 1.1700 -40.7300 -33.3600 -6.5300
259.0000 -1.0000 12.0000 -14.4200 -0.9800 0.9600 -40.9100 -32.7300 -6.7300
258.0000 -1.0000 14.0000 -8.8000 -1.1400 0.9600 -40.8200 -32.2700 -6.5300
259.0000 -1.0000 13.0000 -9.4800 -1.0900 1.1000 -41.0000 -32.1800 -6.2200
260.0000 -1.0000 13.0000 -7.0500 -0.8600 0.9600 -41.0000 -32.2700 -6.3300
258.0000 0.0000 12.0000 -10.6100 -1.1000 1.3700 -40.8200 -31.7300 -6.3300
259.0000 0.0000 12.0000 -12.5100 -1.0000 1.3300 -41.0900 -31.6400 -6.4300
259.0000 -1.0000 11.0000 -12.9500 -1.0900 1.3500 -40.7300 -30.9100 -6.3300
258.0000 0.0000 12.0000 -11.1000 -1.4400 1.2800 -41.0900 -30.9100 -6.1200
259.0000 -1.0000 12.0000 -10.9900 -0.7400 1.1500 -40.9100 -30.3600 -6.1200
259.0000 -1.0000 13.0000 -11.4800 -0.9600 1.5000 -41.1800 -29.9100 -6.3300
258.0000 -2.0000 10.0000 -16.8200 -0.5800 1.3700 -40.7300 -29.2700 -5.9200
259.0000 0.0000 12.0000 -17.2900 -1.0000 1.7000 -40.8200 -29.0000 -6.2200
259.0000 -2.0000 12.0000 -12.0100 -1.0100 1.3700 -40.9100 -28.4500 -6.1200
259.0000 -1.0000 12.0000 -11.1000 -0.9500 0.9500 -40.9100 -28.0000 -5.8200
259.0000 -2.0000 11.0000 -5.6400 -0.6700 0.9100 -41.0000 -27.8200 -5.7100
260.0000 -1.0000 11.0000 -9.8400 -0.9800 1.6100 -41.0900 -27.4500 -6.0200
259.0000 -1.0000 10.0000 -23.4000 -1.2600 1.1700 -41.0900 -27.3600 -5.7100
259.0000 -1.0000 12.0000 -16.1900 -0.9800 0.9100 -41.0900 -26.8200 -5.6100
259.0000 -1.0000 13.0000 -11.7300 -1.0100 0.9800 -40.7300 -26.1800 -5.4100
259.0000 -2.0000 11.0000 -16.0100 -0.9600 1.2100 -41.0000 -25.7300 -5.3100
259.0000 -1.0000 11.0000 -13.1300 -0.9500 1.3800 -41.0000 -25.1800 -5.3100
258.0000 -1.0000 11.0000 -10.8500 -0.7700 1.8200 -40.9100 -24.9100 -5.1000
259.0000 -1.0000 11.0000 -9.5200 -0.7200 1.3100 -41.0000 -24.9100 -5.3100
258.0000 -2.0000 11.0000 -19.0600 -1.2300 1.3500 -41.0000 -24.6400 -4.9000
259.0000 -3.0000 11.0000 -13.3500 -0.7500 1.8900 -40.9100 -23.7300 -5.0000
258.0000 0.0000 12.0000 -16.4500 -1.2800 1.7300 -41.2700 -23.4500 -4.6900
259.0000 -2.0000 10.0000 -16.7800 -0.9500 1.2100 -40.8200 -23.0000 -4.5900
260.0000 -1.0000 11.0000 -13.6700 -1.1400 1.1200 -41.2700 -22.9100 -4.3900
258.0000 -4.0000 10.0000 -24.7300 -0.9300 0.7900 -40.8200 -22.5500 -4.1800
259.0000 -2.0000 11.0000 -19.3900 -0.8800 1.0100 -40.9100 -21.8200 -3.7800
259.0000 -2.0000 10.0000 -14.7200 -0.9800 1.0100 -40.9100 -21.0900 -3.7800
260.0000 -3.0000 10.0000 -16.8400 -1.1000 1.1500 -40.9100 -20.2700 -3.2700
258.0000 -2.0000 10.0000 -7.8400 -0.6000 0.9500 -40.6400 -19.9100 -3.1600
259.0000 -5.0000 9.0000 -4.3600 -0.4200 0.2100 -41.1800 -19.9100 -2.8600
259.0000 -2.0000 12.0000 -24.6000 -1.7000 2.5000 -41.0000 -20.0000 -2.9600
260.0000 -1.0000 10.0000 -5.4300 -0.3500 -1.2800 -41.0000 -19.5500 -2.6500
259.0000 -1.0000 9.0000 -15.5700 -1.2900 0.7500 -41.2700 -19.4500 -2.4500
259.0000 -2.0000 10.0000 -3.5900 -0.6100 0.5600 -40.8200 -19.0900 -2.3500
259.0000 0.0000 11.0000 -9.2900 -0.4900 0.6100 -41.0000 -18.6400 -2.2400
259.0000 0.0000 11.0000 -16.6200 -0.7500 1.1200 -41.0900 -18.7300 -2.0400
259.0000 0.0000 9.0000 -20.4000 -0.8400 0.4400 -40.8200 -18.1800 -1.9400
260.0000 -2.0000 9.0000 -23.9200 -0.6700 0.7700 -40.9100 -17.2700 -1.4300
259.0000 1.0000 11.0000 -18.7900 -1.0900 0.7000 -41.1800 -17.2700 -1.1200
258.0000 -2.0000 10.0000 -17.0800 -1.0100 1.1400 -40.9100 -16.9100 -0.8200
259.0000 -1.0000 9.0000 -24.8800 -1.0300 1.6600 -41.0000 -16.2700 -0.4100
259.0000 -4.0000 11.0000 -15.8600 -0.3700 0.9500 -41.1800 -16.0900 0.0000
259.0000 0.0000 8.0000 -22.3600 -0.6700 0.4700 -41.0000 -15.4500 0.2000
258.0000 -2.0000 10.0000 -20.7000 -0.8200 1.4200 -40.9100 -14.7300 0.7100
259.0000 -1.0000 9.0000 -6.6300 -0.6700 0.9300 -41.2700 -14.5500 1.1200
258.0000 1.0000 10.0000 -7.9100 -1.0900 1.7200 -41.0900 -14.3600 1.3300
259.0000 -1.0000 10.0000 -8.8900 -1.3300 1.1700 -41.1800 -14.1800 1.6300
259.0000 -1.0000 10.0000 -4.6600 -0.6300 1.3300 -41.0900 -14.2700 1.6300
260.0000 -1.0000 8.0000 -12.3400 -1.1200 0.3700 -41.0900 -14.0000 1.8400
258.0000 -3.0000 10.0000 -7.2100 -0.7900 1.4000 -41.0900 -13.7300 2.1400
258.0000 0.0000 10.0000 -9.5600 -0.9300 1.6100 -40.9100 -13.7300 2.1400
259.0000 -1.0000 10.0000 -15.6300 -1.0300 0.5400 -41.0000 -13.1800 2.4500
258.0000 0.0000 10.0000 -14.3000 -1.2100 0.6300 -41.2700 -13.2700 2.6500
258.0000 -1.0000 10.0000 -11.0100 -1.2900 1.3800 -41.0000 -13.2700 2.9600
259.0000 0.0000 9.0000 -9.3100 -0.7400 0.8100 -41.2700 -12.7300 3.1600
258.0000 -1.0000 9.0000 -5.9700 -1.2300 0.8200 -41.1800 -12.5500 3.3700
260.0000 -2.0000 9.0000 -9.4300 -1.1200 1.0000 -41.3600 -12.8200 3.3700
259.0000 0.0000 9.0000 -13.4800 -0.9100 1.3100 -41.2700 -12.4500 3.7800
258.0000 2.0000 10.0000 -14.5600 -0.9800 1.4200 -41.1800 -12.0900 4.0800
259.0000 0.0000 11.0000 -13.9100 -1.0900 1.1000 -41.0000 -12.2700 4.2900
260.0000 0.0000 9.0000 -6.9500 -1.1700 1.0500 -41.2700 -11.9100 4.5900
259.0000 0.0000 9.0000 -9.5600 -0.8200 0.7200 -41.3600 -11.9100 4.9000
259.0000 0.0000 9.0000 -10.4500 -0.9500 0.8900 -41.1800 -11.4500 5.2000
259.0000 -1.0000 9.0000 -8.4200 -0.7900 1.2100 -41.0900 -11.2700 5.5100
258.0000 0.0000 9.0000 -9.1900 -0.7000 1.6300 -41.1800 -11.1800 5.9200
259.0000 0.0000 10.0000 -9.2200 -0.6500 0.9600 -40.8200 -11.0900 5.9200
259.0000 0.0000 10.0000 -10.5000 -0.8200 0.9500 -41.3600 -10.9100 6.2200
258.0000 0.0000 9.0000 -9.5600 -1.1400 1.1700 -41.2700 -10.8200 6.2200
259.0000 -1.0000 9.0000 -13.0600 -0.9300 1.1200 -41.0900 -10.6400 6.5300
258.0000 0.0000 9.0000 -14.0300 -1.1900 0.9600 -41.2700 -10.1800 7.1400
258.0000 1.0000 10.0000 -10.7300 -0.8200 0.9800 -41.1800 -10.3600 7.3500
259.0000 0.0000 8.0000 -12.3600 -1.1700 1.1500 -41.0900 -10.0000 7.5500
259.0000 -1.0000 10.0000 -7.7900 -1.0000 0.6000 -41.2700 -9.9100 8.0600
258.0000 -1.0000 10.0000 -8.6800 -0.6100 0.4400 -41.2700 -10.0900 8.3700
258.0000 0.0000 8.0000 -5.6200 -1.1200 0.6500 -41.4500 -10.1800 8.0600
258.0000 1.0000 10.0000 -6.9100 -1.2400 1.5800 -41.2700 -10.0000 8.3700
259.0000 0.0000 8.0000 -7.9800 -0.8800 1.0500 -41.0000 -9.7300 8.7800
258.0000 0.0000 9.0000 -11.5500 -1.4700 1.0000 -41.6400 -10.0000 9.0800
259.0000 0.0000 9.0000 -19.0700 -1.3700 1.6500 -41.3600 -9.3600 8.9800
259.0000 -1.0000 9.0000 -6.4100 -1.1900 0.4500 -41.4500 -9.4500 9.6900
259.0000 0.0000 10.0000 -10.4500 -1.2300 0.8900 -41.2700 -9.3600 9.9000
259.0000 0.0000 9.0000 -12.4400 -1.0300 0.7900 -41.3600 -9.2700 9.9000
260.0000 -1.0000 8.0000 -7.8900 -0.6800 0.5100 -41.5500 -9.3600 10.5100
259.0000 1.0000 8.0000 -16.6200 -1.3800 1.2400 -41.3600 -8.8200 10.7100
259.0000 0.0000 10.0000 -19.0600 -1.5000 1.3100 -41.4500 -8.8200 11.4300
258.0000 1.0000 8.0000 -7.9100 -0.7700 0.9800 -41.2700 -8.9100 11.7300
260.0000 1.0000 9.0000 -8.8600 -0.8600 0.9300 -41.0900 -8.8200 12.0400
259.0000 1.0000 10.0000 -9.0500 -1.1400 1.1400 -41.4500 -8.3600 12.4500
259.0000 0.0000 10.0000 -9.2600 -1.0900 1.0700 -41.4500 -8.7300 12.4500
259.0000 1.0000 9.0000 -17.5900 -1.4400 0.8100 -41.0900 -8.7300 12.5500
258.0000 1.0000 8.0000 -6.4600 -1.1900 1.0100 -41.6400 -8.5500 13.4700
258.0000 2.0000 8.0000 -11.3800 -0.7400 1.0100 -41.2700 -8.3600 13.5700
259.0000 0.0000 8.0000 -8.2300 -0.3700 0.9600 -41.0900 -8.4500 13.6700
259.0000 1.0000 9.0000 -10.5900 -0.7200 1.3100 -41.4500 -8.3600 13.9800
259.0000 1.0000 9.0000 -6.7900 -0.9100 1.0900 -41.4500 -8.1800 14.1800
259.0000 1.0000 9.0000 -7.9100 -0.9800 0.8200 -41.5500 -8.1800 14.3900
259.0000 0.0000 9.0000 -10.9400 -1.0000 0.8900 -41.4500 -8.4500 14.6900
259.0000 1.0000 9.0000 -15.8900 -0.5400 1.1200 -41.2700 -8.4500 15.0000
259.0000 1.0000 11.0000 -10.1300 -1.1500 1.1200 -41.3600 -8.2700 15.4100
260.0000 1.0000 10.0000 -9.4500 -0.7900 1.4200 -41.2700 -8.3600 15.7100
260.0000 0.0000 10.0000 -7.8600 -0.9300 1.0500 -41.4500 -8.0900 16.1200
261.0000 2.0000 9.0000 -8.1000 -1.1700 1.1500 -41.2700 -8.0900 16.3300
259.0000 1.0000 8.0000 -6.0000 -1.0900 1.0300 -41.4500 -8.3600 16.3300
259.0000 2.0000 10.0000 -11.2000 -0.1400 0.9800 -41.4500 -8.1800 16.5300
258.0000 0.0000 10.0000 -9.5200 -0.0200 0.6100 -41.6400 -8.0000 17.0400
259.0000 1.0000 10.0000 -5.8800 -0.7000 0.6300 -41.3600 -8.1800 17.1400
259.0000 2.0000 9.0000 -3.3300 -0.6000 0.6000 -41.4500 -8.0900 17.2400
259.0000 1.0000 11.0000 -6.6500 -1.2100 1.2800 -41.2700 -8.0900 17.5500
259.0000 2.0000 10.0000 -7.0200 -0.9800 0.3000 -41.4500 -7.9100 17.3500
259.0000 1.0000 9.0000 -14.1900 -1.1700 1.0300 -41.4500 -8.0000 17.8600
259.0000 5.0000 10.0000 -10.6400 -1.1700 0.9300 -41.2700 -8.2700 18.1600
258.0000 1.0000 10.0000 -11.7100 -0.8200 0.8200 -41.3600 -8.1800 18.2700
258.0000 2.0000 11.0000 -15.6500 -1.3500 0.9300 -41.4500 -8.1800 18.8800
258.0000 1.0000 11.0000 -9.8200 -1.0500 1.0700 -41.7300 -8.1800 19.4900
259.0000 1.0000 10.0000 -6.9300 -0.7500 0.9600 -41.4500 -8.0900 19.8000
259.0000 2.0000 10.0000 -6.3700 -0.9300 1.5900 -41.3600 -8.2700 20.0000
259.0000 1.0000 9.0000 -7.0200 -1.1900 0.8900 -41.6400 -8.2700 20.0000
256.0000 2.0000 11.0000 -7.9600 -2.8400 -0.2300 -41.3600 -8.2700 20.2000
259.0000 1.0000 9.0000 -12.1600 -1.0700 1.1000 -41.5500 -8.1800 20.3100
259.0000 2.0000 9.0000 -15.1700 -1.7300 0.9600 -41.6400 -8.3600 21.0200
260.0000 2.0000 8.0000 -17.1500 -0.9600 1.1500 -41.6400 -8.5500 21.6300
259.0000 1.0000 10.0000 -10.3200 -2.4300 1.1400 -41.5500 -8.7300 22.3500
259.0000 1.0000 9.0000 -7.9100 -0.6000 1.2100 -41.7300 -8.6400 22.4500
259.0000 3.0000 7.0000 -6.2500 -1.8400 1.3100 -41.7300 -8.7300 22.6500
258.0000 2.0000 8.0000 -5.9700 -1.1400 1.3500 -41.7300 -8.6400 22.8600
259.0000 1.0000 9.0000 -2.3300 -1.3300 1.2900 -41.5500 -8.7300 23.2700
258.0000 2.0000 9.0000 -0.2800 -1.3700 0.9600 -41.3600 -8.6400 23.0600
256.0000 3.0000 10.0000 -0.0300 -0.4700 0.8400 -41.7300 -8.4500 22.9600
258.0000 2.0000 8.0000 -6.4400 -1.3800 0.7200 -41.5500 -8.7300 22.9600
259.0000 4.0000 7.0000 -33.5100 -1.2900 1.1200 -41.6400 -8.9100 23.7800
260.0000 1.0000 9.0000 -15.4400 -1.2600 0.5400 -41.4500 -9.0000 24.2900
259.0000 2.0000 8.0000 -6.9000 -1.7800 1.0300 -41.5500 -9.3600 24.5900
258.0000 3.0000 7.0000 -16.1300 -1.7700 0.8100 -41.7300 -9.1800 24.8000
258.0000 2.0000 8.0000 -21.8000 -0.9300 1.0300 -41.4500 -9.3600 25.4100
258.0000 4.0000 7.0000 -23.2700 -1.2400 0.8400 -41.5500 -9.6400 26.2200
259.0000 2.0000 10.0000 -16.7300 -1.2400 0.7000 -41.5500 -9.9100 26.8400
258.0000 3.0000 7.0000 -14.8800 -1.4000 0.9500 -41.4500 -9.9100 27.1400
260.0000 3.0000 7.0000 -15.4000 -1.4000 1.3300 -41.8200 -10.6400 27.3500
259.0000 3.0000 7.0000 -17.3600 -1.2100 1.2100 -41.8200 -10.3600 27.8600
259.0000 4.0000 8.0000 -10.4100 -1.1000 1.1500 -41.8200 -10.5500 28.2700
259.0000 2.0000 8.0000 -15.0200 -1.1700 1.1700 -41.5500 -10.8200 28.7800
258.0000 3.0000 7.0000 -14.7700 -1.2800 1.3700 -41.6400 -10.8200 28.9800
259.0000 3.0000 8.0000 -17.6600 -0.9800 1.6500 -41.6400 -11.1800 29.6900
258.0000 3.0000 7.0000 -25.2300 -1.5200 1.4400 -41.4500 -11.3600 29.8000
259.0000 3.0000 8.0000 -23.5500 -1.2400 1.1500 -41.5500 -11.5500 30.4100
258.0000 4.0000 8.0000 -13.4000 -1.1700 1.3300 -41.4500 -12.1800 31.2200
259.0000 2.0000 7.0000 -17.2500 -1.2300 0.8100 -41.3600 -12.2700 31.3300
260.0000 4.0000 8.0000 -21.1700 -1.3800 1.3300 -41.2700 -12.6400 31.5300
259.0000 3.0000 7.0000 -18.0600 -1.3100 1.1200 -41.6400 -13.0000 32.7600
260.0000 4.0000 6.0000 -27.2600 -1.2900 1.0700 -41.4500 -13.7300 33.2700
259.0000 3.0000 8.0000 -22.1000 -1.5900 1.4000 -41.7300 -14.1800 33.8800
259.0000 4.0000 8.0000 -22.9100 -1.1400 1.1500 -41.8200 -14.4500 34.3900
259.0000 5.0000 8.0000 -19.6200 -1.1400 1.3300 -41.5500 -14.7300 34.6900
260.0000 3.0000 9.0000 -16.2200 -1.1400 0.8400 -41.7300 -15.1800 35.0000
259.0000 3.0000 8.0000 -11.4600 -1.3800 1.1700 -41.6400 -15.7300 35.4100
259.0000 4.0000 8.0000 -14.5600 -1.1200 0.9300 -41.4500 -15.8200 35.6100
258.0000 4.0000 8.0000 -16.5200 -1.2300 0.5400 -41.5500 -16.1800 36.0200
258.0000 3.0000 10.0000 -4.4600 -1.3300 -0.1600 -41.2700 -16.5500 36.2200
258.0000 7.0000 3.0000 -20.8900 -1.3700 0.2500 -42.0000 -16.6400 36.0200
258.0000 5.0000 7.0000 -28.5600 -1.2800 1.0900 -41.5500 -17.1800 36.7300
259.0000 4.0000 9.0000 -20.6300 -1.0700 1.1900 -41.5500 -17.9100 37.3500
258.0000 4.0000 9.0000 -18.2900 -0.8800 1.0900 -41.6400 -18.2700 37.4500
258.0000 4.0000 8.0000 -13.4900 -1.0700 1.8600 -41.7300 -18.7300 38.1600
259.0000 5.0000 8.0000 -12.2300 -1.1700 0.9300 -42.0000 -18.9100 38.1600
259.0000 7.0000 6.0000 -20.6100 -0.9600 0.8800 -41.4500 -19.3600 38.3700
260.0000 4.0000 7.0000 -24.5700 -1.3700 1.1700 -41.3600 -20.0000 38.7800
259.0000 6.0000 8.0000 -17.6200 -0.9500 0.7500 -41.6400 -20.6400 39.0800
254.0000 8.0000 9.0000 -21.3000 -1.1500 0.9300 -41.6400 -21.0000 39.1800
258.0000 6.0000 8.0000 -7.6000 -1.2300 1.4400 -41.3600 -21.4500 39.6900
258.0000 5.0000 8.0000 -9.6800 -1.0900 1.1900 -41.7300 -21.4500 39.9000
259.0000 7.0000 8.0000 -13.4600 -1.2400 1.3500 -41.4500 -22.1800 39.9000
258.0000 5.0000 8.0000 -34.0700 -1.2300 1.1700 -41.6400 -22.0900 40.0000
260.0000 6.0000 8.0000 -22.2800 -1.2900 0.8600 -41.7300 -23.0000 40.4100
258.0000 5.0000 10.0000 -19.3400 -1.2900 1.1200 -41.3600 -23.7300 40.5100
258.0000 7.0000 8.0000 -23.9600 -1.2400 1.0000 -41.4500 -24.3600 40.9200
259.0000 5.0000 7.0000 -26.3700 -1.4000 0.8600 -41.4500 -25.0000 41.1200
259.0000 6.0000 8.0000 -20.9500 -1.4500 1.3700 -41.6400 -25.6400 41.5300
259.0000 6.0000 9.0000 -13.6700 -1.3500 0.6300 -41.4500 -26.8200 41.8400
260.0000 6.0000 8.0000 -21.0300 -1.6500 0.5400 -41.5500 -27.0900 41.9400
260.0000 8.0000 9.0000 -16.6400 -0.9500 1.0700 -41.4500 -27.7300 41.9400
259.0000 7.0000 10.0000 -10.4000 -1.4400 0.9100 -41.4500 -28.1800 42.0400
258.0000 8.0000 7.0000 -16.6100 -0.9100 0.7500 -41.6400 -28.3600 42.4500
260.0000 7.0000 9.0000 -15.8600 -1.3700 1.0300 -41.4500 -28.7300 42.3500
259.0000 7.0000 11.0000 -10.7300 -1.0100 1.1000 -41.6400 -29.0000 42.1400
258.0000 7.0000 9.0000 -17.9400 -1.2600 1.1400 -41.5500 -30.0000 42.2400
259.0000 7.0000 8.0000 -21.6800 -1.0700 0.7400 -41.1800 -30.0900 42.4500
258.0000 7.0000 9.0000 -18.3000 -1.4700 0.8600 -41.3600 -31.1800 42.4500
258.0000 8.0000 10.0000 -10.9000 -1.2100 0.8900 -41.2700 -31.0900 42.4500
257.0000 8.0000 8.0000 -18.6000 -1.4700 0.8800 -41.7300 -31.6400 42.3500
259.0000 8.0000 9.0000 -26.8300 -1.3500 1.0700 -41.2700 -32.1800 42.3500
258.0000 6.0000 11.0000 -16.9900 -1.5200 0.3000 -41.5500 -33.0900 42.4500
258.0000 8.0000 8.0000 -20.7900 -1.2800 0.4700 -41.0000 -33.4500 42.6500
258.0000 10.0000 9.0000 -27.3700 -1.5900 1.1900 -41.3600 -34.1800 42.8600
259.0000 8.0000 10.0000 -27.2300 -1.8600 0.5200 -41.0000 -34.8200 42.7600
259.0000 8.0000 9.0000 -21.6300 -1.8600 0.1400 -41.4500 -35.8200 42.6500
259.0000 9.0000 10.0000 -14.6100 -1.3500 1.4400 -41.2700 -36.4500 42.6500
258.0000 8.0000 11.0000 -4.3400 -1.1700 0.2300 -41.4500 -37.0000 42.5500
259.0000 10.0000 8.0000 -0.5200 -1.9200 -0.3100 -40.8200 -37.0000 42.5500
259.0000 9.0000 6.0000 -12.4800 -1.0700 0.9800 -41.1800 -37.0900 42.3500
259.0000 11.0000 11.0000 -9.3300 -1.0900 1.0100 -41.0900 -37.4500 42.5500
259.0000 10.0000 7.0000 -30.1000 -1.9100 1.4000 -41.1800 -37.8200 42.4500
259.0000 9.0000 11.0000 -32.6200 -1.6100 1.4000 -40.9100 -38.2700 42.4500
259.0000 8.0000 12.0000 -9.7800 -0.6100 1.6600 -41.0000 -39.1800 42.1400
259.0000 11.0000 10.0000 -16.2000 -1.2800 0.8400 -40.9100 -39.8200 41.9400
259.0000 7.0000 6.0000 -26.6900 -0.4500 2.0800 -41.0000 -40.0000 42.2400
259.0000 11.0000 16.0000 -21.4400 -1.4500 1.6600 -40.8200 -40.6400 41.9400
259.0000 10.0000 9.0000 -20.4000 -1.3800 1.3100 -41.1800 -41.9100 41.5300
259.0000 11.0000 11.0000 -20.1400 -1.1500 0.8900 -40.8200 -42.5500 41.0200
259.0000 7.0000 9.0000 -23.4300 -1.5200 1.5200 -40.7300 -42.9100 40.8200
259.0000 10.0000 11.0000 -22.1400 -1.6500 1.2100 -41.0000 -43.6400 40.7100
258.0000 8.0000 10.0000 -27.1800 -1.2600 1.3800 -40.8200 -44.0000 40.4100
259.0000 9.0000 13.0000 -25.9500 -1.4700 1.1400 -41.1800 -44.8200 40.1000
258.0000 8.0000 11.0000 -22.4300 -1.2900 1.7200 -40.9100 -45.3600 39.6900
261.0000 6.0000 13.0000 -17.6700 -1.2100 1.3300 -41.0000 -45.8200 39.4900
259.0000 9.0000 11.0000 -17.6600 -1.4900 0.9800 -40.8200 -46.0900 39.1800
261.0000 8.0000 13.0000 -24.0300 -1.2800 1.5000 -40.9100 -47.0000 38.9800
259.0000 11.0000 13.0000 -29.9100 -1.3800 1.1400 -40.9100 -47.6400 38.4700
258.0000 5.0000 12.0000 -4.4600 -0.8100 0.9800 -40.9100 -48.0900 37.9600
258.0000 14.0000 10.0000 -13.8100 -1.2400 1.1000 -41.0000 -48.0000 38.1600
258.0000 8.0000 12.0000 -27.3900 -1.5800 0.7700 -41.0000 -48.3600 38.0600
259.0000 10.0000 11.0000 -41.3400 -1.8200 1.3500 -40.8200 -49.0000 37.1400
259.0000 8.0000 13.0000 -36.1000 -1.8400 1.4700 -40.7300 -50.0000 36.4300
258.0000 10.0000 12.0000 -46.6700 -1.8700 1.3100 -40.9100 -50.5500 35.8200
259.0000 8.0000 13.0000 -35.7400 -1.8600 0.4900 -40.8200 -51.5500 35.1000
258.0000 11.0000 7.0000 -42.8900 -2.1700 -0.1100 -40.9100 -52.3600 34.2900
258.0000 8.0000 14.0000 -50.5100 -2.6100 1.2400 -40.3600 -53.0000 33.4700
261.0000 10.0000 7.0000 -39.4600 -3.9400 -0.6300 -40.5500 -54.0000 32.4500
260.0000 8.0000 8.0000 -60.2200 -3.5200 0.4700 -40.3600 -54.7300 31.3300
259.0000 7.0000 19.0000 -24.4100 -2.7100 0.6000 -40.1800 -55.7300 30.1000
259.0000 10.0000 19.0000 -19.7700 -1.9800 0.3700 -40.1800 -55.9100 29.3900
259.0000 9.0000 9.0000 -12.9200 -2.1500 -0.0500 -40.2700 -56.1800 29.0800
259.0000 10.0000 11.0000 -22.7700 -1.5800 0.4200 -40.2700 -56.6400 28.6700
259.0000 9.0000 10.0000 -24.6700 -2.6100 -0.3700 -40.2700 -56.8200 28.1600
258.0000 10.0000 16.0000 -8.8400 -2.3500 -0.0700 -40.0900 -57.1800 27.1400
262.0000 8.0000 11.0000 -9.2900 -1.6600 -0.0700 -39.7300 -57.4500 27.1400
258.0000 12.0000 11.0000 -16.4300 -1.6300 0.9300 -39.9100 -57.3600 26.6300
258.0000 13.0000 8.0000 -23.5200 -2.8000 0.7000 -39.7300 -57.7300 26.3300
260.0000 12.0000 14.0000 -22.8400 -2.1700 0.6100 -39.5500 -58.0900 25.6100
258.0000 14.0000 7.0000 -9.9800 -1.5900 0.7900 -39.4500 -58.4500 25.2000
252.0000 15.0000 14.0000 -23.6800 -2.0700 0.3000 -39.7300 -58.4500 25.0000
259.0000 12.0000 11.0000 -15.6300 -1.8600 0.3500 -39.2700 -58.7300 24.3900
259.0000 14.0000 10.0000 -23.6400 -1.8600 1.1200 -39.6400 -58.9100 23.9800
260.0000 12.0000 12.0000 -35.3000 -4.0100 -1.1500 -39.3600 -58.9100 23.2700
258.0000 12.0000 11.0000 -38.3600 -1.0500 3.7600 -39.4500 -59.2700 22.1400
259.0000 11.0000 10.0000 -38.1900 -3.1000 1.0100 -39.5500 -59.3600 21.2200
259.0000 13.0000 15.0000 -20.0200 -0.8400 1.7500 -39.5500 -59.2700 20.3100
260.0000 12.0000 13.0000 -9.8500 1.1900 2.4900 -39.7300 -59.2700 19.8000
258.0000 15.0000 7.0000 -11.8500 -1.6600 0.6000 -39.7300 -59.4500 19.5900
257.0000 14.0000 9.0000 -47.5800 -3.0100 2.7300 -39.4500 -59.5500 18.7800
259.0000 5.0000 17.0000 -21.3700 -1.9600 1.6300 -39.6400 -59.4500 17.5500
258.0000 12.0000 12.0000 -2.4900 -1.9600 1.2800 -39.4500 -59.2700 17.2400
258.0000 11.0000 10.0000 -16.3800 -2.0000 1.9800 -39.3600 -59.2700 17.1400
258.0000 12.0000 7.0000 -48.4700 -2.0100 2.7800 -39.7300 -58.9100 16.4300
258.0000 10.0000 18.0000 -35.3100 0.0500 5.1800 -39.6400 -59.2700 15.2000
260.0000 9.0000 16.0000 -31.8700 -4.2500 -0.5200 -39.5500 -58.4500 14.0800
257.0000 9.0000 12.0000 -33.4600 -3.7600 0.5400 -39.6400 -58.6400 13.2700
258.0000 9.0000 12.0000 -32.5900 -0.9300 3.8200 -39.8200 -58.2700 12.5500
258.0000 8.0000 18.0000 -4.3000 -1.0100 1.8400 -39.8200 -58.1800 11.6300
256.0000 9.0000 13.0000 -37.9600 -5.3200 7.0500 -39.7300 -57.9100 11.6300
258.0000 7.0000 12.0000 -14.6700 1.0700 0.6500 -39.7300 -57.4500 10.8200
259.0000 8.0000 14.0000 -12.0700 -0.9500 3.6400 -39.4500 -57.5500 10.4100
258.0000 6.0000 13.0000 -20.1900 -7.3000 3.4700 -39.7300 -57.1800 10.0000
259.0000 7.0000 13.0000 -13.7700 1.0500 1.2100 -40.0900 -57.0000 10.0000
261.0000 5.0000 10.0000 -9.7800 -7.3700 1.0300 -39.7300 -56.5500 9.2900
257.0000 6.0000 9.0000 -28.7900 -4.4800 2.0800 -40.0900 -56.5500 8.7800
260.0000 6.0000 12.0000 -22.3500 -9.7800 0.9100 -39.9100 -56.0900 7.8600
258.0000 7.0000 6.0000 -6.0700 -11.1100 0.3300 -40.1800 -56.0000 8.7800
258.0000 7.0000 7.0000 -17.5000 -9.1000 2.4300 -40.3600 -55.8200 8.5700
258.0000 5.0000 2.0000 -32.1700 -1.9400 3.0300 -40.1800 -55.6400 7.8600
257.0000 6.0000 6.0000 -21.8700 2.6600 1.4500 -40.2700 -55.0000 7.4500
258.0000 6.0000 5.0000 -2.7500 13.2100 1.7300 -40.2700 -55.1800 6.8400
258.0000 6.0000 8.0000 -9.1200 -5.3000 2.1700 -40.1800 -55.0000 6.4300
258.0000 5.0000 5.0000 -8.0500 -18.3900 3.5000 -40.1800 -54.5500 6.3300
257.0000 5.0000 2.0000 -8.8000 -3.7600 1.8200 -40.5500 -54.3600 7.0400
259.0000 3.0000 2.0000 -4.2200 -0.3300 1.5000 -40.3600 -54.2700 6.7300
258.0000 3.0000 1.0000 -19.9500 -1.2800 2.4200 -40.5500 -54.4500 6.6300
258.0000 3.0000 1.0000 -24.4500 -5.0700 1.8200 -40.2700 -53.8200 6.2200
259.0000 4.0000 4.0000 -9.5700 -0.5200 1.8900 -40.7300 -53.3600 5.5100
258.0000 4.0000 1.0000 -4.7300 -2.4000 0.8900 -40.4500 -53.3600 5.6100
259.0000 4.0000 3.0000 -4.6200 -2.1900 0.6300 -40.6400 -53.5500 5.7100
257.0000 5.0000 1.0000 -9.6600 2.0700 2.6300 -40.6400 -53.2700 5.5100
259.0000 4.0000 2.0000 -26.2000 2.8900 3.9200 -40.4500 -52.8200 5.2000
260.0000 3.0000 8.0000 -26.3000 6.2800 3.8500 -40.5500 -52.1800 4.1800
259.0000 2.0000 5.0000 -36.5800 4.0100 4.3600 -41.0000 -52.0000 3.0600
260.0000 2.0000 9.0000 -36.5800 4.6400 3.9200 -40.4500 -50.9100 2.0400
259.0000 3.0000 10.0000 -22.7300 15.2800 8.0700 -40.3600 -50.1800 0.7100
260.0000 -1.0000 17.0000 -17.2000 2.5700 0.5200 -40.2700 -49.0900 -0.4100
258.0000 0.0000 16.0000 -6.7200 0.3300 0.6300 -40.0900 -48.7300 -0.7100
259.0000 -1.0000 16.0000 -3.2400 -0.1100 0.2800 -40.1800 -48.5500 -1.2200
261.0000 0.0000 15.0000 -16.4200 -0.7000 0.3700 -40.0000 -48.7300 -1.2200
260.0000 1.0000 14.0000 -49.8600 -2.1000 1.9100 -40.0000 -48.3600 -1.5300
259.0000 0.0000 17.0000 -24.2900 -1.5900 1.0300 -40.1800 -47.6400 -2.1400
259.0000 0.0000 16.0000 -7.7700 -1.0100 0.4700 -40.1800 -46.9100 -2.4500
259.0000 1.0000 14.0000 -13.7900 -1.7200 1.3100 -39.9100 -46.3600 -3.2700
259.0000 -1.0000 15.0000 -27.1600 -1.9200 1.0300 -40.0000 -45.5500 -3.1600
259.0000 1.0000 14.0000 -42.3000 -1.4200 1.5900 -40.0900 -44.7300 -4.0800
259.0000 -1.0000 15.0000 -33.1300 -1.5900 0.7900 -40.1800 -43.8200 -4.4900
259.0000 0.0000 16.0000 -22.7800 -1.4000 1.2900 -40.3600 -43.0900 -4.8000
259.0000 0.0000 15.0000 -13.4800 -1.1000 0.9100 -40.0900 -42.5500 -5.2000
259.0000 1.0000 13.0000 -9.9800 -0.7700 0.7500 -40.0000 -42.1800 -5.2000
260.0000 1.0000 14.0000 -8.3500 -1.1200 1.1200 -40.2700 -42.1800 -5.1000
259.0000 0.0000 14.0000 -32.9000 -0.9600 0.7900 -40.3600 -41.3600 -5.5100
261.0000 1.0000 14.0000 -38.1200 -1.7500 0.9100 -40.1800 -40.8200 -5.6100
259.0000 1.0000 14.0000 -25.3200 -1.2900 0.7200 -40.0900 -39.9100 -5.9200
259.0000 0.0000 15.0000 -14.8400 -1.6800 0.7000 -40.2700 -39.0900 -6.1200
259.0000 0.0000 13.0000 -20.8200 -0.9800 1.3700 -40.5500 -38.7300 -6.1200
260.0000 0.0000 14.0000 -18.2000 -1.4400 1.2400 -40.2700 -38.0900 -6.3300
258.0000 2.0000 14.0000 -30.7300 -1.4500 1.4500 -40.1800 -37.4500 -6.6300
259.0000 1.0000 14.0000 -21.8200 -1.8000 0.5400 -40.1800 -36.8200 -6.6300
259.0000 1.0000 15.0000 -16.5900 -1.2300 1.0100 -40.2700 -36.2700 -6.7300
259.0000 1.0000 12.0000 -10.6900 -1.1200 1.0300 -40.6400 -35.9100 -6.8400
259.0000 0.0000 11.0000 -18.3200 -1.4200 0.9500 -40.0900 -35.5500 -6.6300
259.0000 0.0000 12.0000 -17.8100 -0.7900 1.0300 -40.7300 -34.6400 -6.7300
259.0000 1.0000 14.0000 -28.8600 -1.3700 0.9800 -40.5500 -34.2700 -6.6300
258.0000 0.0000 14.0000 -8.9600 -1.0300 0.9800 -40.2700 -33.0000 -6.8400
259.0000 0.0000 14.0000 -1.6300 -0.7700 1.1000 -40.4500 -33.1800 -7.0400
259.0000 0.0000 12.0000 -13.2100 -0.8800 1.4900 -40.5500 -33.0000 -6.9400
259.0000 0.0000 12.0000 -36.0900 -1.2100 1.5400 -40.0900 -32.7300 -6.7300
258.0000 1.0000 14.0000 -33.9000 -0.8400 1.7800 -40.1800 -31.6400 -6.8400
258.0000 -1.0000 12.0000 -19.9800 -1.0500 1.0900 -40.3600 -30.6400 -6.5300
259.0000 -1.0000 13.0000 -10.6200 -1.1900 1.2600 -40.4500 -29.9100 -6.8400
260.0000 -1.0000 11.0000 -37.3800 -1.0700 1.2900 -40.3600 -29.5500 -6.4300
260.0000 0.0000 13.0000 -22.8500 -1.4900 0.8200 -40.7300 -27.8200 -6.4300
258.0000 0.0000 11.0000 -14.4900 -1.1500 1.1000 -40.5500 -27.1800 -6.2200
259.0000 0.0000 13.0000 -11.3900 -1.1700 0.7900 -40.6400 -27.0900 -6.2200
259.0000 0.0000 11.0000 -28.7900 -1.5900 1.0700 -40.6400 -26.2700 -6.1200
259.0000 0.0000 13.0000 -10.5500 -1.3700 0.8100 -40.3600 -25.8200 -5.9200
259.0000 0.0000 12.0000 -1.3300 -1.2800 1.4400 -40.7300 -25.6400 -5.5100
259.0000 0.0000 12.0000 -3.9400 -1.4000 1.1900 -40.4500 -25.3600 -6.1200
259.0000 0.0000 10.0000 -18.8800 -1.4400 1.0000 -40.3600 -25.1800 -5.7100
259.0000 -1.0000 11.0000 -26.2500 -1.0900 1.7200 -40.6400 -24.4500 -5.7100
259.0000 -1.0000 12.0000 -22.8700 -1.0300 1.4900 -40.4500 -24.0000 -4.8000
258.0000 0.0000 11.0000 -15.7800 -1.2900 1.3300 -40.6400 -23.2700 -4.9000
258.0000 0.0000 10.0000 -21.0300 -0.7500 1.0300 -40.6400 -22.8200 -4.9000
259.0000 -1.0000 12.0000 -18.0900 -0.4900 1.7000 -40.4500 -22.0900 -4.2900
259.0000 -1.0000 11.0000 -10.9200 -0.3300 1.2400 -40.6400 -21.8200 -4.1800
259.0000 -2.0000 11.0000 -10.0600 -0.4900 1.1200 -40.3600 -21.3600 -4.2900
260.0000 -1.0000 12.0000 -19.3000 -0.5400 2.0000 -40.4500 -21.2700 -3.9800
257.0000 -14.0000 13.0000 -24.7100 -0.7000 1.3500 -40.6400 -20.4500 -3.7800
261.0000 -2.0000 12.0000 -16.1700 0.4500 3.4300 -40.1800 -20.0000 -3.5700
259.0000 -2.0000 12.0000 -0.0900 -1.1000 1.4900 -40.3600 -19.8200 -3.5700
260.0000 -1.0000 11.0000 -0.6100 -0.4400 1.3100 -40.8200 -19.7300 -3.6700
259.0000 -2.0000 12.0000 -0.2800 0.0900 1.5400 -40.6400 -19.5500 -3.6700
259.0000 1.0000 14.0000 -22.3100 -0.2600 1.8400 -40.4500 -19.2700 -3.7800
261.0000 -7.0000 13.0000 -13.9000 -0.2300 1.1700 -40.4500 -18.6400 -3.3700
262.0000 -5.0000 13.0000 -3.5700 3.1200 1.5800 -40.5500 -18.1800 -3.0600
258.0000 -1.0000 14.0000 -1.9200 -0.2100 1.3500 -40.5500 -18.5500 -3.0600
259.0000 -2.0000 13.0000 -3.8700 -0.5100 1.1000 -40.3600 -18.1800 -3.1600
258.0000 -1.0000 13.0000 -13.8100 -0.9500 0.8400 -40.3600 -17.8200 -2.9600
258.0000 -5.0000 12.0000 -2.6400 -2.9900 -1.3100 -40.3600 -17.8200 -3.0600
260.0000 2.0000 11.0000 -48.7400 -6.3900 -1.7800 -40.2700 -18.0000 -2.5500
260.0000 -6.0000 10.0000 -26.7000 -2.0000 -0.2800 -40.2700 -16.1800 -1.0200
260.0000 -2.0000 10.0000 -9.5700 -1.8000 -0.0500 -40.7300 -15.9100 -0.9200
259.0000 0.0000 10.0000 -13.7900 -1.7700 -0.7700 -40.6400 -15.7300 -0.8200
259.0000 -2.0000 11.0000 -28.4500 -1.1200 0.4500 -40.5500 -15.2700 0.1000
258.0000 0.0000 12.0000 -16.6400 -1.4400 -0.0300 -40.8200 -14.9100 0.4100
260.0000 0.0000 12.0000 -7.2100 -1.5900 -0.5100 -40.9100 -14.5500 0.6100
259.0000 -1.0000 12.0000 -2.7800 -1.0500 0.3700 -40.8200 -14.6400 0.9200
259.0000 1.0000 12.0000 -8.9300 -0.7700 0.8100 -40.8200 -14.5500 0.8200
259.0000 2.0000 8.0000 -12.5600 -1.7200 -0.0900 -40.8200 -14.6400 1.1200
258.0000 1.0000 9.0000 -25.2500 -2.0000 0.4700 -40.9100 -14.4500 1.4300
259.0000 0.0000 12.0000 -15.7800 -1.2800 0.0300 -40.7300 -13.5500 2.0400
260.0000 1.0000 10.0000 -3.5900 -1.7700 -1.4500 -41.0900 -13.6400 2.3500
259.0000 1.0000 10.0000 -20.3500 -2.0700 -3.1700 -41.1800 -13.6400 2.6500
256.0000 5.0000 10.0000 -11.1100 -9.9600 -10.0800 -41.2700 -13.8200 3.1600
259.0000 5.0000 6.0000 -7.9300 -3.4700 -1.9600 -41.2700 -13.9100 3.4700
259.0000 5.0000 8.0000 -2.9100 0.8900 3.4300 -41.5500 -13.8200 3.7800
259.0000 5.0000 11.0000 -9.4500 1.5200 5.1100 -41.4500 -13.7300 3.6700
260.0000 2.0000 10.0000 -6.3000 -0.7900 0.6500 -41.4500 -13.3600 3.7800
258.0000 6.0000 6.0000 -13.9500 1.0900 3.8300 -41.2700 -13.2700 3.8800
259.0000 3.0000 9.0000 -11.5200 -0.6300 1.9800 -41.1800 -13.0000 4.1800
259.0000 5.0000 7.0000 -12.4600 -2.0100 0.6700 -41.3600 -12.8200 4.5900
257.0000 4.0000 8.0000 -16.4200 -1.6500 0.8800 -41.3600 -12.4500 4.8000
259.0000 3.0000 8.0000 -16.8200 -1.0300 1.2800 -41.4500 -12.0000 5.3100
260.0000 2.0000 9.0000 -9.2600 -1.3100 0.7400 -41.5500 -11.9100 5.4100
258.0000 4.0000 10.0000 -21.6300 -1.3800 1.3700 -41.4500 -11.7300 5.9200
259.0000 3.0000 9.0000 -20.8800 -1.1500 1.3100 -41.5500 -11.4500 6.4300
259.0000 2.0000 11.0000 -11.7800 -2.1200 -0.0900 -41.5500 -11.1800 7.0400
259.0000 5.0000 4.0000 -27.9100 -1.4900 1.7300 -41.3600 -11.0000 7.5500
258.0000 4.0000 10.0000 -3.3300 -0.8800 2.8200 -41.5500 -10.8200 8.1600
258.0000 4.0000 3.0000 -3.3300 -2.7100 -0.4700 -41.6400 -10.4500 8.4700
256.0000 5.0000 1.0000 -39.0300 -4.3000 6.6300 -41.5500 -10.0000 9.1800
260.0000 3.0000 12.0000 -24.7300 0.9800 0.6000 -41.3600 -9.8200 10.3100
258.0000 3.0000 8.0000 -3.3300 -2.2200 2.9800 -41.6400 -9.9100 10.4100
257.0000 5.0000 5.0000 -20.7700 -0.2100 0.2800 -41.5500 -9.6400 10.6100
259.0000 4.0000 7.0000 -27.4400 -1.4400 1.3700 -41.6400 -9.2700 11.4300
259.0000 2.0000 7.0000 -22.8000 -1.6300 1.4500 -41.5500 -9.1800 12.0400
258.0000 2.0000 6.0000 -22.6300 -1.6600 1.4900 -41.4500 -8.9100 12.8600
260.0000 2.0000 7.0000 -28.0000 -1.8700 1.8000 -41.6400 -8.8200 13.4700
259.0000 2.0000 10.0000 -17.5700 -1.6300 1.5000 -41.5500 -8.6400 14.4900
259.0000 4.0000 4.0000 -25.3400 -1.4700 1.4400 -41.4500 -8.3600 14.6900
259.0000 2.0000 7.0000 -29.9400 -1.9600 1.6600 -41.9100 -8.5500 15.6100
259.0000 4.0000 8.0000 -31.3400 -1.6800 1.0900 -41.6400 -8.4500 16.6300
259.0000 2.0000 11.0000 -17.1500 -0.9100 1.3100 -41.7300 -8.4500 17.3500
259.0000 2.0000 7.0000 -17.5500 -1.1900 1.9400 -41.3600 -8.0900 18.0600
258.0000 3.0000 7.0000 -17.1800 -1.1900 1.1400 -41.6400 -8.2700 18.3700
259.0000 3.0000 7.0000 -12.5800 -1.2100 0.9600 -41.4500 -8.4500 18.5700
259.0000 2.0000 7.0000 -17.6700 -0.9800 0.9300 -41.4500 -8.4500 19.0800
259.0000 3.0000 5.0000 -17.2500 -1.8200 1.2300 -41.3600 -8.4500 19.4900
258.0000 3.0000 6.0000 -22.9400 -1.6500 1.1900 -41.4500 -8.6400 20.1000
258.0000 2.0000 6.0000 -22.2400 -1.9200 1.3800 -41.6400 -8.5500 20.7100
259.0000 3.0000 8.0000 -23.6100 -1.9200 1.3800 -41.5500 -8.6400 21.3300
259.0000 5.0000 2.0000 -36.1200 -1.2400 2.2600 -41.4500 -8.7300 22.3500
260.0000 1.0000 9.0000 -32.7400 -6.5300 1.4700 -41.4500 -8.6400 23.0600
259.0000 2.0000 4.0000 -33.9900 -3.5900 1.2300 -41.3600 -9.0900 24.1800
258.0000 4.0000 7.0000 -23.5000 -0.7900 2.5400 -41.4500 -9.0900 25.5100
259.0000 4.0000 8.0000 -28.0200 -4.3000 1.5000 -41.5500 -9.6400 26.2200
259.0000 3.0000 3.0000 -17.4300 -4.7100 1.3700 -41.5500 -9.7300 26.8400
258.0000 4.0000 0.0000 -26.4400 -7.8600 2.4500 -41.2700 -10.1800 28.5700
259.0000 4.0000 -5.0000 -58.2800 8.1200 -0.0300 -41.4500 -11.0900 29.2900
259.0000 2.0000 11.0000 -68.1800 -1.4700 1.5200 -41.7300 -12.4500 31.4300
259.0000 2.0000 20.0000 -6.9100 -0.7000 1.1500 -41.6400 -12.9100 32.1400
259.0000 5.0000 3.0000 -1.2300 -1.4700 -0.0700 -41.3600 -13.0900 32.3500
257.0000 5.0000 4.0000 -1.6600 -0.5400 0.4400 -41.6400 -13.0900 32.5500
258.0000 9.0000 -4.0000 -61.3200 -0.2600 0.5400 -41.5500 -13.3600 33.0600
258.0000 3.0000 17.0000 -29.8700 -2.2900 1.1500 -41.7300 -14.8200 34.3900
259.0000 5.0000 5.0000 -11.9900 -0.3000 1.2400 -41.5500 -14.7300 34.6900
259.0000 9.0000 6.0000 -42.9600 0.0200 2.7700 -41.4500 -15.4500 35.3100
259.0000 7.0000 9.0000 -38.8000 -0.6800 3.0500 -42.0000 -16.1800 35.8200
260.0000 2.0000 8.0000 -17.0600 1.8600 1.4000 -41.6400 -16.7300 36.7300
259.0000 7.0000 9.0000 -32.2000 0.6300 0.8400 -41.5500 -17.1800 36.5300
259.0000 7.0000 9.0000 -17.2900 1.6800 2.1000 -41.5500 -17.9100 36.9400
259.0000 7.0000 10.0000 -29.9100 1.0300 2.4700 -41.9100 -18.4500 37.2400
259.0000 1.0000 12.0000 -9.6600 -2.8400 -1.5400 -41.7300 -19.1800 37.6500
259.0000 7.0000 10.0000 -11.8600 -0.0200 1.8000 -41.7300 -19.4500 37.8600
255.0000 1.0000 14.0000 -15.9100 -2.4200 -0.1900 -41.7300 -19.6400 38.1600
260.0000 6.0000 10.0000 -11.5700 -1.6500 0.4900 -41.7300 -20.2700 38.4700
256.0000 -4.0000 17.0000 -14.2300 -7.0200 -1.5900 -42.0900 -20.3600 38.3700
262.0000 5.0000 10.0000 -11.4800 -1.0300 -0.6100 -41.6400 -21.0900 38.7800
258.0000 8.0000 9.0000 -13.2700 -1.1000 1.4400 -41.7300 -21.3600 38.9800
258.0000 5.0000 11.0000 -19.1600 -0.9300 1.2900 -41.6400 -21.5500 39.1800
258.0000 9.0000 10.0000 -13.8100 -2.1500 1.0700 -41.9100 -22.0000 39.4900
258.0000 6.0000 11.0000 -17.3600 -2.2600 2.9900 -41.8200 -22.2700 39.6900
260.0000 5.0000 11.0000 -21.8700 -2.1900 1.7200 -41.6400 -23.0000 40.1000
259.0000 3.0000 12.0000 -13.9000 -0.9800 1.3300 -41.5500 -23.5500 40.4100
259.0000 10.0000 8.0000 -17.5200 -1.1900 2.6800 -41.3600 -23.9100 40.5100
260.0000 5.0000 10.0000 -17.7600 -1.0700 1.1700 -41.8200 -24.1800 40.9200
258.0000 13.0000 6.0000 -30.0800 -2.2200 -0.5800 -41.5500 -25.0900 41.0200
259.0000 4.0000 12.0000 -26.5800 -2.2400 1.4400 -41.5500 -26.4500 41.3300
257.0000 9.0000 7.0000 -30.9600 -2.2200 -0.4500 -41.4500 -26.7300 41.5300
258.0000 5.0000 14.0000 -7.3000 -1.7300 1.2600 -41.5500 -27.4500 41.8400
259.0000 9.0000 4.0000 -34.2100 -1.8200 -1.2800 -41.6400 -27.7300 41.8400
259.0000 7.0000 11.0000 -34.3700 -1.4200 0.4000 -41.3600 -29.1800 41.9400
258.0000 6.0000 12.0000 -19.7600 -2.2400 1.0900 -41.5500 -30.2700 42.3500
259.0000 10.0000 8.0000 -29.5400 -2.4500 0.2300 -41.4500 -30.8200 42.2400
259.0000 7.0000 10.0000 -23.7100 -1.5600 1.1900 -41.3600 -31.3600 42.2400
258.0000 10.0000 13.0000 -31.0300 -2.7100 -0.6300 -41.2700 -32.2700 42.4500
258.0000 8.0000 10.0000 -32.1000 -2.1000 1.0900 -41.2700 -33.2700 42.4500
260.0000 10.0000 13.0000 -29.8900 -3.0100 -0.1900 -41.0900 -34.4500 42.6500
258.0000 10.0000 7.0000 -21.3100 -1.2100 1.5400 -41.2700 -35.0900 42.5500
259.0000 11.0000 12.0000 -23.7500 -1.7300 0.4000 -41.0000 -35.6400 43.0600
258.0000 9.0000 7.0000 -23.9000 -1.5200 1.4500 -41.2700 -36.4500 42.6500
259.0000 13.0000 8.0000 -27.7600 -0.9800 1.3800 -41.1800 -37.0000 42.4500
259.0000 9.0000 9.0000 -46.6200 -2.4900 1.1400 -41.0900 -37.9100 42.1400
258.0000 11.0000 14.0000 -33.2700 -2.0500 1.6100 -41.0900 -39.3600 42.2400
260.0000 9.0000 12.0000 -21.8200 -1.4200 1.0900 -41.0000 -40.1800 41.9400
259.0000 10.0000 10.0000 -10.6100 -2.0300 0.2100 -41.0900 -40.7300 41.6300
258.0000 10.0000 7.0000 -31.0800 -1.8200 1.4200 -41.0000 -41.0000 42.0400
259.0000 11.0000 10.0000 -49.7000 -2.2200 1.6500 -40.8200 -41.7300 41.4300
258.0000 9.0000 16.0000 -31.1000 -1.8700 0.8400 -40.9100 -43.0000 41.0200
259.0000 11.0000 12.0000 -20.2500 -1.1900 1.9100 -40.6400 -43.9100 40.8200
258.0000 10.0000 9.0000 -38.0500 -2.1400 0.8900 -40.8200 -44.4500 40.4100
260.0000 10.0000 13.0000 -34.5500 -2.5700 0.6100 -40.9100 -45.2700 39.9000
259.0000 11.0000 10.0000 -38.9900 -1.5800 2.2800 -40.9100 -46.3600 39.4900
278.0000 58.0000 15.0000 -27.6500 -0.8600 1.2100 -40.8200 -47.0000 38.8800
259.0000 10.0000 12.0000 -13.6900 -2.6800 0.8100 -40.9100 -48.0000 38.5700
259.0000 10.0000 15.0000 -4.9700 -1.6600 0.8100 -40.6400 -48.1800 37.7600
259.0000 10.0000 10.0000 -1.2300 -2.2600 0.3700 -40.6400 -48.2700 37.9600
259.0000 11.0000 10.0000 -15.3100 -1.8000 1.5400 -41.0000 -48.8200 37.5500
258.0000 10.0000 10.0000 -6.7200 -2.2400 0.9300 -40.5500 -49.0000 37.5500
260.0000 9.0000 16.0000 -16.9600 -3.1300 0.1400 -40.4500 -49.2700 37.2400
260.0000 10.0000 7.0000 -32.7200 -4.5900 -0.8100 -40.2700 -49.8200 37.3500
259.0000 11.0000 17.0000 -21.7700 -0.9500 1.6600 -40.4500 -50.4500 36.6300
260.0000 12.0000 8.0000 -23.3600 -3.0100 -0.0500 -40.1800 -51.0000 36.0200
259.0000 12.0000 11.0000 -41.2700 -1.4900 2.7700 -40.7300 -51.6400 35.2000
259.0000 10.0000 10.0000 -33.4400 -2.9200 1.1700 -40.2700 -52.3600 34.5900
259.0000 11.0000 12.0000 -21.8700 -0.8600 1.8400 -40.3600 -53.0000 34.2900
260.0000 12.0000 10.0000 -35.0000 -2.0500 0.7200 -40.4500 -53.1800 33.7800
258.0000 10.0000 10.0000 -14.2800 -1.9100 1.3800 -40.4500 -53.9100 33.0600
259.0000 10.0000 16.0000 -17.2200 -1.0300 1.4000 -40.3600 -53.9100 32.6500
259.0000 8.0000 14.0000 -14.1600 -1.9800 0.9300 -40.3600 -54.3600 32.6500
257.0000 12.0000 13.0000 -18.7900 -1.7800 1.1900 -40.2700 -54.4500 31.9400
258.0000 10.0000 11.0000 -18.3700 -1.7300 1.2800 -40.2700 -54.9100 31.4300
259.0000 12.0000 11.0000 -13.2500 -1.7200 -0.2500 -40.3600 -55.0900 31.4300
260.0000 12.0000 14.0000 -10.5900 -1.7200 -1.4900 -39.9100 -55.0900 30.8200
261.0000 14.0000 3.0000 -37.3100 -1.6100 3.0800 -39.9100 -55.5500 30.6100
237.0000 18.0000 19.0000 -18.8300 -2.5200 -2.0500 -39.9100 -56.1800 30.0000
260.0000 13.0000 10.0000 -34.6700 -1.6800 2.6800 -40.1800 -56.2700 29.2900
258.0000 12.0000 19.0000 -15.7300 -1.5000 2.0800 -39.8200 -56.5500 28.9800
260.0000 14.0000 17.0000 -18.0600 -1.1400 1.6800 -39.8200 -56.4500 28.2700
260.0000 10.0000 9.0000 -21.2600 -1.0500 2.7000 -40.1800 -57.0000 27.6500
259.0000 11.0000 14.0000 -17.8300 -0.6300 2.0500 -39.8200 -57.0000 27.1400
259.0000 9.0000 10.0000 -29.8700 -1.5400 1.0500 -39.9100 -57.2700 26.3300
256.0000 13.0000 19.0000 -22.0300 -1.5800 0.7700 -40.0900 -57.5500 26.1200
259.0000 14.0000 12.0000 -23.5900 -1.9800 1.1700 -39.5500 -57.8200 25.4100
260.0000 13.0000 12.0000 -26.1100 -2.5000 1.1700 -39.7300 -58.1800 24.0800
258.0000 15.0000 14.0000 -31.5300 -1.5000 1.9200 -39.9100 -58.3600 22.9600
260.0000 10.0000 12.0000 -34.9800 -2.1400 2.4500 -39.7300 -58.4500 22.3500
258.0000 14.0000 15.0000 -30.5400 -2.4300 0.4500 -39.7300 -58.6400 21.1200
260.0000 12.0000 17.0000 -38.1500 -2.7000 1.3700 -39.7300 -58.5500 20.3100
258.0000 11.0000 14.0000 -36.1500 -2.3800 1.3700 -39.3600 -58.6400 19.4900
259.0000 12.0000 17.0000 -18.3700 -1.7200 1.2100 -39.8200 -58.5500 18.7800
260.0000 13.0000 16.0000 -11.8500 -0.7900 2.3300 -39.8200 -58.8200 18.4700
258.0000 10.0000 13.0000 -27.7200 -2.0800 1.8200 -40.0900 -58.7300 18.0600
259.0000 13.0000 13.0000 -41.4400 -2.0100 2.5200 -39.4500 -58.8200 17.0400
259.0000 9.0000 18.0000 -25.6900 -1.7700 1.6300 -39.9100 -58.5500 16.4300
260.0000 10.0000 14.0000 -20.1600 -2.4200 -0.1700 -39.5500 -58.5500 15.5100
258.0000 12.0000 13.0000 -26.4400 -1.5000 2.3500 -39.6400 -58.6400 14.8000
258.0000 9.0000 10.0000 -25.7800 -2.8200 0.1100 -39.6400 -58.3600 14.2900
259.0000 9.0000 17.0000 -27.6500 -1.7800 1.0300 -39.7300 -58.3600 13.6700
258.0000 9.0000 15.0000 -23.1200 -0.4500 2.3800 -39.7300 -58.0900 12.6500
259.0000 6.0000 16.0000 -26.4200 -1.8000 1.1000 -39.4500 -57.7300 12.1400
259.0000 11.0000 14.0000 -26.5300 -1.8200 2.6400 -39.5500 -57.9100 11.2200
259.0000 8.0000 12.0000 -29.9100 -1.5200 2.1000 -39.5500 -57.1800 10.8200
259.0000 7.0000 18.0000 -14.5100 -0.4900 2.0100 -39.3600 -57.0900 10.3100
259.0000 7.0000 19.0000 -15.8700 -0.7200 1.4900 -39.5500 -57.0000 9.6900
259.0000 6.0000 15.0000 -24.2700 -1.8200 1.6100 -39.7300 -56.9100 9.0800
259.0000 7.0000 14.0000 -31.9500 -2.2400 1.1500 -39.8200 -56.6400 8.6700
259.0000 8.0000 15.0000 -19.4600 -2.1000 0.9800 -39.5500 -56.2700 8.0600
263.0000 5.0000 25.0000 -15.9800 -5.3700 0.3000 -39.5500 -56.2700 7.5500
258.0000 7.0000 18.0000 -10.3400 -0.7500 1.3300 -39.7300 -55.8200 7.4500
259.0000 7.0000 16.0000 -7.3900 -0.9600 1.4400 -39.5500 -56.0000 7.0400
259.0000 6.0000 15.0000 -15.2800 -0.6000 1.8600 -39.3600 -55.7300 7.0400
259.0000 6.0000 14.0000 -30.8200 -2.2900 0.8800 -39.1800 -55.3600 6.0200
259.0000 6.0000 19.0000 -17.9700 -0.9300 2.9900 -39.6400 -54.8200 5.2000
259.0000 5.0000 21.0000 -0.6800 -0.8100 1.3300 -39.6400 -54.7300 5.4100
259.0000 5.0000 16.0000 -0.3500 -0.7900 0.7900 -39.6400 -54.9100 5.4100
258.0000 6.0000 17.0000 0.0200 -1.3100 0.2500 -39.6400 -54.8200 5.0000
258.0000 6.0000 16.0000 0.0200 -0.8600 0.5200 -39.4500 -54.9100 5.5100
260.0000 5.0000 14.0000 -0.3800 -0.5100 1.5600 -39.4500 -54.8200 5.3100
259.0000 5.0000 15.0000 -0.3700 -0.6100 1.2300 -39.6400 -54.7300 5.2000
258.0000 6.0000 15.0000 -0.2300 -0.9100 1.0500 -39.4500 -54.6400 5.2000
258.0000 5.0000 16.0000 -0.3700 -0.7000 1.8200 -39.6400 -54.8200 4.9000
259.0000 7.0000 18.0000 4.7800 -0.5100 1.0900 -39.6400 -54.9100 5.0000
259.0000 6.0000 18.0000 15.1700 -0.8200 0.9800 -39.5500 -54.8200 5.5100
258.0000 7.0000 15.0000 16.1300 -1.0500 0.2500 -39.6400 -55.0900 5.7100
258.0000 6.0000 15.0000 2.9600 -1.1500 1.2900 -39.6400 -55.1800 5.9200
259.0000 7.0000 18.0000 13.9800 -0.8200 0.8600 -39.4500 -55.2700 6.4300
259.0000 7.0000 21.0000 30.5400 -0.2800 0.6700 -39.4500 -55.7300 6.4300
260.0000 7.0000 15.0000 34.0200 -0.1100 0.1700 -39.8200 -56.0000 7.5500
258.0000 6.0000 14.0000 23.7300 -0.4500 1.2900 -39.7300 -56.6400 8.2700
260.0000 6.0000 14.0000 25.7600 -0.6800 0.6300 -39.9100 -56.5500 8.6700
259.0000 6.0000 17.0000 28.0000 -0.0300 1.2600 -39.6400 -56.8200 9.2900
259.0000 7.0000 16.0000 27.3200 -0.9100 -0.0700 -39.8200 -57.0000 10.1000
258.0000 10.0000 13.0000 18.4600 -0.6500 0.8400 -39.6400 -57.0000 10.6100
259.0000 8.0000 17.0000 14.6700 -0.4000 1.1700 -39.8200 -57.3600 11.1200
258.0000 7.0000 15.0000 20.1400 -0.2100 1.0700 -40.0000 -57.7300 11.7300
258.0000 8.0000 17.0000 19.7200 -0.3000 1.0700 -39.8200 -57.6400 12.3500
258.0000 9.0000 15.0000 10.4800 -0.3100 1.0100 -40.0000 -57.8200 12.7600
259.0000 8.0000 14.0000 6.5600 -0.7200 0.6500 -39.8200 -57.7300 12.8600
259.0000 9.0000 18.0000 14.7500 -0.2800 1.8400 -40.0900 -57.9100 13.0600
258.0000 7.0000 19.0000 26.0200 0.1600 1.8200 -39.8200 -57.8200 13.4700
260.0000 9.0000 13.0000 23.5500 -0.0300 1.4900 -40.0000 -58.1800 14.8000
259.0000 6.0000 18.0000 20.1600 0.2800 1.9600 -39.9100 -58.0900 15.3100
259.0000 7.0000 16.0000 22.6100 0.1600 1.2100 -39.9100 -58.3600 15.7100
260.0000 8.0000 14.0000 8.5700 -0.7400 1.2300 -40.0000 -58.4500 15.8200
258.0000 7.0000 15.0000 9.9800 -0.6700 0.9500 -40.0000 -58.0900 16.3300
259.0000 9.0000 17.0000 13.4600 -0.8400 0.8400 -40.0000 -58.4500 16.4300
259.0000 7.0000 15.0000 11.5300 -0.4200 1.2400 -40.0000 -58.4500 16.7300
259.0000 9.0000 17.0000 14.0300 -0.0700 1.4900 -40.0900 -58.2700 17.0400
258.0000 8.0000 18.0000 14.1200 -0.1100 1.3300 -40.0000 -58.3600 17.3500
259.0000 8.0000 14.0000 10.2200 -0.1200 1.7300 -40.0000 -58.2700 17.4500
259.0000 7.0000 18.0000 6.0000 -0.7700 1.1400 -40.0900 -58.3600 17.8600
258.0000 9.0000 16.0000 5.9900 -1.2100 0.5400 -40.1800 -58.4500 18.1600
259.0000 7.0000 18.0000 18.1300 -0.0200 1.5400 -40.1800 -58.2700 18.6700
257.0000 7.0000 19.0000 32.0800 -0.2100 1.3800 -40.1800 -58.0900 19.3900
259.0000 8.0000 11.0000 28.3800 -0.0900 1.6300 -40.0000 -58.0000 19.9000
258.0000 8.0000 17.0000 21.4900 0.3300 1.5200 -39.9100 -58.0900 20.6100
258.0000 7.0000 14.0000 22.3800 -0.4400 1.4900 -40.2700 -58.0000 21.3300
259.0000 8.0000 15.0000 18.0200 -0.7000 1.0900 -40.1800 -57.9100 21.9400
259.0000 8.0000 14.0000 16.2400 -0.4000 0.7200 -40.1800 -57.8200 22.2400
259.0000 8.0000 16.0000 9.1500 -0.7400 1.0500 -40.3600 -57.7300 22.8600
259.0000 8.0000 16.0000 8.0000 -0.8200 1.4000 -40.1800 -57.7300 22.8600
258.0000 7.0000 15.0000 3.6400 -0.7000 1.1900 -39.9100 -57.6400 22.8600
260.0000 7.0000 16.0000 8.8700 -0.6000 1.2100 -40.0900 -57.7300 23.1600
259.0000 8.0000 16.0000 12.4300 -0.4500 0.7700 -40.2700 -57.7300 23.5700
258.0000 7.0000 17.0000 13.1800 -0.4200 1.5000 -40.2700 -57.3600 23.7800
259.0000 8.0000 16.0000 17.3800 -0.2500 1.0900 -40.3600 -57.3600 24.0800
259.0000 8.0000 14.0000 16.1900 -0.6300 1.1000 -40.1800 -57.3600 24.1800
258.0000 9.0000 15.0000 8.3300 -0.7500 1.0300 -40.4500 -57.2700 24.8000
259.0000 7.0000 18.0000 17.7800 -0.6500 0.6800 -40.0900 -56.7300 25.2000
259.0000 8.0000 14.0000 12.7900 -0.7000 1.0100 -40.5500 -57.0000 25.6100
258.0000 9.0000 15.0000 6.6900 -0.4900 1.2400 -40.3600 -56.9100 26.3300
260.0000 3.0000 18.0000 20.3200 0.0300 1.0500 -40.5500 -56.5500 26.2200
258.0000 9.0000 16.0000 25.6500 -0.1100 0.8200 -40.3600 -56.1800 27.1400
259.0000 8.0000 15.0000 23.0500 -0.5800 0.7500 -40.4500 -56.0900 28.0600
259.0000 11.0000 13.0000 14.6100 -1.0300 1.0500 -40.3600 -56.0000 27.9600
259.0000 9.0000 15.0000 5.2700 -0.5200 1.0300 -40.5500 -55.8200 28.2700
259.0000 8.0000 15.0000 10.0300 -0.4700 1.1000 -40.7300 -55.8200 28.8800
259.0000 8.0000 17.0000 15.3500 -0.4200 1.1700 -40.3600 -55.5500 28.8800
260.0000 9.0000 14.0000 15.6800 -0.3100 1.5200 -40.4500 -55.5500 29.0800
259.0000 9.0000 14.0000 17.7300 -0.4000 1.0900 -40.4500 -55.3600 29.9000
258.0000 9.0000 15.0000 16.6100 -0.7500 1.0300 -40.3600 -54.8200 29.9000
258.0000 10.0000 15.0000 10.8100 -0.7000 0.9600 -40.5500 -54.8200 30.5100
258.0000 9.0000 16.0000 10.1100 -0.6800 0.9300 -40.1800 -54.4500 30.9200
258.0000 8.0000 15.0000 10.9900 -0.8100 1.1700 -40.5500 -54.3600 30.6100
260.0000 8.0000 16.0000 15.6300 -0.4500 1.2100 -40.9100 -54.2700 31.1200
259.0000 6.0000 17.0000 24.5500 -0.4200 1.2600 -40.5500 -54.0000 31.5300
260.0000 12.0000 14.0000 20.2500 -0.4500 1.1000 -40.4500 -53.6400 32.0400
258.0000 9.0000 16.0000 17.0300 -0.7500 0.8600 -40.5500 -53.5500 32.7600
259.0000 10.0000 15.0000 16.7300 -0.9500 1.0000 -40.6400 -52.9100 32.8600
258.0000 11.0000 14.0000 8.4900 -0.6100 1.3500 -40.7300 -52.9100 33.4700
258.0000 8.0000 15.0000 12.6000 -0.8200 1.0700 -40.4500 -52.4500 33.3700
259.0000 8.0000 15.0000 17.2700 -0.3500 0.6000 -40.9100 -52.3600 33.8800
259.0000 9.0000 15.0000 23.6600 -0.3300 0.7500 -40.7300 -51.8200 34.0800
258.0000 11.0000 15.0000 21.5400 -0.1400 0.7900 -40.5500 -51.9100 34.8000
259.0000 10.0000 14.0000 23.1700 -0.3500 0.4500 -41.0000 -51.1800 35.1000
258.0000 10.0000 13.0000 23.5500 -0.4500 0.3000 -40.5500 -50.5500 35.4100
258.0000 13.0000 12.0000 11.0200 -0.6700 0.5800 -40.7300 -50.5500 36.2200
258.0000 9.0000 16.0000 12.6200 -0.5100 0.9300 -40.8200 -50.1800 36.2200
259.0000 10.0000 15.0000 14.6500 -0.7700 0.2100 -40.4500 -49.4500 36.6300
258.0000 13.0000 11.0000 10.8900 -1.1700 0.9500 -40.8200 -49.1800 36.8400
258.0000 12.0000 13.0000 9.7500 -0.5600 1.1700 -40.8200 -49.0900 37.2400
258.0000 10.0000 13.0000 19.8300 -0.3000 0.6800 -40.7300 -48.5500 37.6500
259.0000 11.0000 13.0000 19.1800 -0.0700 1.1700 -40.9100 -48.1800 37.8600
259.0000 11.0000 13.0000 18.6700 -0.6100 1.3800 -40.9100 -48.0000 38.0600
259.0000 11.0000 14.0000 22.5600 -0.6300 0.6500 -40.7300 -47.3600 38.3700
260.0000 12.0000 10.0000 5.9500 -0.5800 1.6600 -40.6400 -47.1800 38.6700
260.0000 12.0000 12.0000 7.0500 -0.0300 1.7800 -40.8200 -46.8200 38.5700
259.0000 12.0000 14.0000 21.5400 -2.4200 1.0300 -40.8200 -46.6400 38.8800
258.0000 11.0000 12.0000 19.8400 -1.1200 0.6000 -40.8200 -46.1800 39.0800
259.0000 12.0000 8.0000 6.0700 0.0500 1.0000 -41.0000 -46.0000 39.6900
260.0000 6.0000 17.0000 24.5900 0.5100 2.9100 -41.0000 -45.5500 39.3900
258.0000 11.0000 12.0000 45.3300 0.3100 1.6500 -41.0900 -44.3600 39.9000
260.0000 10.0000 13.0000 43.4500 0.0700 1.5900 -41.0000 -43.4500 40.4100
259.0000 11.0000 9.0000 32.4300 0.5200 2.0300 -41.0900 -42.2700 41.1200
259.0000 10.0000 11.0000 16.4200 -0.7700 1.8200 -41.1800 -41.0900 41.5300
259.0000 8.0000 11.0000 18.7100 -0.9500 0.7500 -41.4500 -40.7300 41.5300
260.0000 11.0000 11.0000 15.5900 -0.5200 1.0700 -41.2700 -40.0900 41.5300
259.0000 9.0000 10.0000 10.9400 -0.7500 1.3800 -41.0000 -39.9100 41.4300
259.0000 9.0000 11.0000 11.5900 -0.6300 1.0300 -41.1800 -39.5500 41.5300
258.0000 9.0000 10.0000 4.2000 -1.4000 0.3300 -41.3600 -39.1800 41.8400
259.0000 8.0000 11.0000 10.6400 -0.3100 2.0500 -41.2700 -39.0900 41.7300
259.0000 9.0000 12.0000 12.1500 0.1700 2.0800 -41.0000 -38.8200 41.8400
259.0000 7.0000 15.0000 33.9000 -0.5400 0.5400 -41.1800 -38.0900 41.8400
259.0000 10.0000 9.0000 28.3100 -0.1700 1.3500 -41.0900 -37.7300 42.0400
259.0000 6.0000 12.0000 38.9700 -0.2100 1.4000 -41.2700 -36.7300 42.2400
259.0000 7.0000 11.0000 38.9400 0.3300 0.3700 -41.5500 -35.6400 42.4500
259.0000 8.0000 10.0000 31.6200 -0.6700 1.2100 -41.3600 -33.7300 42.3500
259.0000 9.0000 11.0000 32.2000 0.0000 0.9100 -41.3600 -32.5500 42.4500
259.0000 7.0000 9.0000 32.3800 -0.3100 1.6800 -41.4500 -31.5500 42.2400
260.0000 9.0000 9.0000 17.4100 -0.7000 1.4900 -41.4500 -31.0000 42.2400
259.0000 6.0000 9.0000 10.0800 -0.8800 1.3700 -41.3600 -30.3600 42.1400
258.0000 9.0000 11.0000 17.3400 -0.6800 1.6800 -41.2700 -30.0900 41.9400
258.0000 4.0000 11.0000 24.1800 -0.3500 1.0000 -41.6400 -29.2700 42.2400
258.0000 8.0000 9.0000 28.0700 -0.3100 1.2900 -41.3600 -28.8200 41.8400
259.0000 6.0000 10.0000 31.5900 -0.2500 1.6600 -41.4500 -27.7300 41.5300
259.0000 11.0000 8.0000 32.7400 -0.3800 0.7200 -41.5500 -27.0000 41.3300
259.0000 6.0000 11.0000 25.5500 -0.6700 0.6100 -41.2700 -26.0900 41.5300
259.0000 7.0000 10.0000 15.3000 -0.9300 1.3300 -41.3600 -25.1800 41.0200
258.0000 6.0000 8.0000 11.7600 -0.6300 0.8200 -41.4500 -24.7300 41.2200
259.0000 7.0000 9.0000 12.8800 -0.4500 1.8200 -41.6400 -24.6400 40.8200
258.0000 8.0000 9.0000 13.0400 -0.6500 1.3800 -41.7300 -24.2700 40.6100
260.0000 7.0000 11.0000 26.7000 -0.6300 0.9800 -41.6400 -23.8200 40.4100
258.0000 7.0000 8.0000 18.6200 -1.0100 1.1900 -41.5500 -22.8200 40.0000
259.0000 6.0000 9.0000 15.8200 -0.3800 0.8800 -41.5500 -22.9100 40.0000
259.0000 5.0000 9.0000 20.4900 -0.3300 1.1700 -41.3600 -22.3600 39.9000
258.0000 6.0000 9.0000 15.0700 -1.1000 1.1400 -41.8200 -21.6400 39.3900
257.0000 4.0000 10.0000 19.2100 -0.5800 1.1900 -41.6400 -21.3600 39.1800
260.0000 5.0000 10.0000 22.0900 -0.3500 1.4700 -41.5500 -20.5500 39.2900
259.0000 5.0000 9.0000 31.7800 -0.4400 1.1700 -41.4500 -20.2700 38.5700
259.0000 5.0000 7.0000 30.2200 -0.4900 1.0000 -41.5500 -19.6400 38.0600
259.0000 6.0000 8.0000 31.3200 -0.9500 1.4900 -41.5500 -18.5500 37.5500
258.0000 5.0000 9.0000 26.1400 -0.6000 0.9100 -41.7300 -18.0000 37.1400
259.0000 6.0000 6.0000 19.6900 -0.4700 1.0500 -41.7300 -17.2700 36.7300
259.0000 5.0000 9.0000 20.3000 -0.8400 1.7800 -41.7300 -17.0000 36.4300
259.0000 6.0000 7.0000 18.9700 -0.6700 1.4000 -41.5500 -16.1800 35.9200
258.0000 4.0000 8.0000 26.2000 -0.6300 0.9800 -41.8200 -15.9100 35.8200
259.0000 4.0000 8.0000 19.4800 -1.0300 1.0100 -41.6400 -14.8200 34.5900
259.0000 4.0000 9.0000 25.3700 -0.4000 1.3300 -41.6400 -14.6400 33.8800
259.0000 5.0000 8.0000 19.5000 -0.6000 1.2600 -41.5500 -13.9100 33.3700
258.0000 4.0000 8.0000 25.7900 -0.3500 0.9800 -41.6400 -13.5500 32.8600
259.0000 5.0000 6.0000 22.9600 -0.6300 1.1900 -41.7300 -13.0000 32.2400
259.0000 4.0000 8.0000 24.1100 -0.4700 1.2400 -41.7300 -12.9100 32.1400
259.0000 4.0000 8.0000 20.5800 -0.6700 0.8800 -41.6400 -12.1800 31.3300
259.0000 4.0000 7.0000 14.2600 -0.1900 0.9500 -41.4500 -12.0900 30.8200
259.0000 2.0000 10.0000 13.8800 -0.3300 -0.2300 -42.0000 -11.7300 30.4100
259.0000 4.0000 7.0000 15.0500 -0.7400 1.0000 -41.7300 -11.4500 30.1000
259.0000 4.0000 10.0000 13.4200 -1.2600 0.3000 -41.7300 -11.3600 29.6900
258.0000 6.0000 9.0000 17.3400 -0.3500 1.0700 -42.0000 -11.2700 29.3900
259.0000 5.0000 8.0000 17.8500 -0.3100 0.1600 -41.9100 -11.1800 28.7800
258.0000 5.0000 8.0000 21.1900 -0.3700 0.6700 -41.9100 -10.8200 28.4700
259.0000 4.0000 9.0000 12.6200 -0.5200 1.0100 -41.6400 -10.5500 27.9600
261.0000 5.0000 10.0000 21.0200 -1.2600 1.5000 -41.6400 -10.0900 27.5500
259.0000 4.0000 7.0000 21.6500 -0.6300 0.8200 -41.9100 -10.0000 26.8400
260.0000 3.0000 10.0000 25.0100 -0.5200 1.5000 -41.7300 -9.7300 26.1200
258.0000 4.0000 7.0000 18.1100 -0.3100 1.7300 -41.8200 -9.2700 25.4100
258.0000 1.0000 9.0000 28.6700 -0.2300 1.1400 -41.5500 -9.3600 24.9000
260.0000 2.0000 8.0000 29.6400 -0.1700 1.2400 -41.3600 -9.0900 24.1800
259.0000 3.0000 9.0000 24.9500 -0.3100 0.8400 -41.8200 -9.0900 23.3700
258.0000 4.0000 9.0000 27.4700 -0.8600 0.0900 -41.7300 -8.5500 22.5500
258.0000 2.0000 10.0000 19.7000 -0.9100 -0.3000 -41.6400 -8.7300 21.8400
258.0000 3.0000 9.0000 20.0700 -1.0700 -0.6300 -41.6400 -8.7300 21.4300
257.0000 6.0000 6.0000 7.8000 -0.8900 0.3300 -41.5500 -8.4500 20.5100
258.0000 3.0000 10.0000 9.7100 -0.7900 0.2800 -41.6400 -8.5500 20.5100
259.0000 3.0000 11.0000 23.8900 -1.2300 -1.3500 -41.6400 -8.5500 20.3100
258.0000 6.0000 9.0000 30.9600 -0.9100 -0.9600 -42.0000 -8.8200 18.6700
260.0000 6.0000 4.0000 28.4700 -1.0100 -2.7700 -41.7300 -8.9100 18.0600
258.0000 7.0000 6.0000 22.7800 -0.9500 -0.7700 -41.8200 -9.0000 17.0400
259.0000 7.0000 12.0000 32.1500 -0.2800 1.7700 -42.0900 -9.0000 16.3300
260.0000 6.0000 4.0000 12.4800 -1.6500 -0.4700 -41.7300 -9.5500 15.8200
260.0000 7.0000 9.0000 23.0600 -1.8900 -0.4000 -41.7300 -9.6400 15.7100
257.0000 9.0000 8.0000 10.0100 -0.8200 -0.4000 -42.0000 -9.5500 15.1000
257.0000 7.0000 8.0000 19.5300 -0.7400 0.3300 -42.0000 -9.7300 14.6900
258.0000 8.0000 4.0000 18.1500 4.0600 5.4300 -41.8200 -9.5500 13.9800
259.0000 4.0000 9.0000 23.7500 3.6400 5.2300 -41.8200 -9.4500 13.1600
258.0000 6.0000 6.0000 14.8400 1.2300 3.0600 -41.6400 -9.2700 12.4500
258.0000 4.0000 10.0000 9.6800 0.6500 3.6900 -41.2700 -9.1800 11.8400
260.0000 2.0000 10.0000 14.6800 -0.1900 2.2200 -41.5500 -9.2700 11.5300
259.0000 3.0000 9.0000 6.0700 -0.5100 1.8600 -41.3600 -9.4500 10.9200
259.0000 3.0000 8.0000 13.0400 -0.1700 2.1700 -41.1800 -9.5500 10.8200
258.0000 2.0000 10.0000 12.8100 -0.4900 1.5200 -41.3600 -9.1800 10.5100
256.0000 5.0000 10.0000 20.7500 -0.3500 1.5400 -41.3600 -9.4500 10.1000
260.0000 2.0000 10.0000 22.7300 -0.2600 1.6800 -41.0900 -9.4500 9.3900
258.0000 2.0000 9.0000 28.3000 -0.2100 1.5900 -41.1800 -9.7300 8.2700
260.0000 2.0000 11.0000 27.6500 -0.1700 2.0000 -41.1800 -10.0900 7.8600
260.0000 3.0000 9.0000 26.8100 -0.1100 1.9600 -41.0000 -10.2700 7.1400
260.0000 0.0000 10.0000 37.3300 0.1600 1.9200 -41.1800 -10.9100 6.3300
260.0000 2.0000 10.0000 36.8700 -0.1900 2.0800 -41.0000 -11.3600 5.4100
258.0000 2.0000 9.0000 24.3600 -0.3300 1.7300 -41.0900 -11.7300 4.4900
258.0000 1.0000 10.0000 24.2700 -0.6500 1.1900 -41.1800 -12.0000 3.6700
258.0000 2.0000 9.0000 18.6700 -0.4200 1.2100 -40.6400 -12.5500 2.9600
260.0000 2.0000 11.0000 8.7300 -1.0900 0.7500 -41.0900 -13.0900 2.6500
260.0000 -4.0000 13.0000 33.5300 -0.3800 0.8400 -40.8200 -13.4500 2.4500
257.0000 1.0000 10.0000 41.3400 0.1400 1.3300 -41.0000 -13.5500 2.1400
259.0000 3.0000 9.0000 44.5200 -0.3300 1.4400 -40.6400 -15.5500 -0.3100
258.0000 0.0000 13.0000 34.1400 0.0000 1.1400 -40.7300 -16.1800 -0.8200
259.0000 -1.0000 14.0000 34.4600 -0.2500 1.3100 -40.7300 -17.0900 -1.3300
260.0000 -5.0000 14.0000 59.1200 0.2100 1.2300 -40.5500 -18.4500 -2.6500
259.0000 0.0000 14.0000 59.1900 0.1100 1.3800 -40.7300 -19.7300 -3.4700
260.0000 -1.0000 12.0000 61.6200 0.1400 1.7700 -40.3600 -21.1800 -4.3900
259.0000 -3.0000 14.0000 69.1900 0.2600 1.0500 -40.2700 -22.9100 -4.9000
260.0000 2.0000 12.0000 49.6800 0.0700 1.3500 -40.4500 -24.7300 -5.6100
259.0000 2.0000 12.0000 38.7100 -0.2500 1.7300 -40.1800 -26.0000 -6.1200
259.0000 0.0000 12.0000 30.9400 -0.3500 1.0500 -40.3600 -26.9100 -6.3300
258.0000 1.0000 13.0000 27.8600 -0.3800 1.2800 -40.2700 -27.9100 -6.2200
258.0000 -7.0000 17.0000 63.7200 0.1600 1.5900 -40.1800 -28.3600 -6.5300
260.0000 -7.0000 16.0000 88.4600 0.2600 1.0500 -40.3600 -30.6400 -6.7300
262.0000 4.0000 11.0000 66.6100 -0.0700 1.7000 -40.1800 -33.3600 -6.7300
259.0000 2.0000 13.0000 30.7100 -0.2100 0.6100 -40.3600 -34.8200 -6.6300
258.0000 2.0000 15.0000 21.0200 -0.3700 1.1500 -40.3600 -35.5500 -6.6300
259.0000 1.0000 14.0000 23.5400 -0.5600 0.8800 -40.1800 -36.2700 -6.7300
258.0000 2.0000 16.0000 11.3100 -0.8100 1.1700 -40.2700 -36.8200 -6.4300
259.0000 -1.0000 15.0000 19.0400 -0.7700 0.7900 -40.2700 -37.0000 -6.4300
260.0000 -1.0000 17.0000 23.9700 -0.4700 1.1900 -40.1800 -37.3600 -6.2200
258.0000 3.0000 15.0000 25.0900 -0.7900 0.4700 -40.2700 -38.4500 -6.2200
259.0000 0.0000 17.0000 29.4900 -0.6000 0.3700 -40.1800 -39.2700 -6.2200
259.0000 1.0000 17.0000 36.2200 -0.3100 2.0000 -40.3600 -39.9100 -5.4100
259.0000 1.0000 17.0000 32.5900 -0.6300 0.8100 -40.2700 -40.9100 -5.4100
258.0000 0.0000 18.0000 38.6800 -0.5600 1.6500 -40.5500 -42.0900 -4.9000
259.0000 -1.0000 16.0000 43.2100 -0.4200 1.1000 -40.2700 -42.7300 -4.5900
259.0000 1.0000 15.0000 44.3300 -0.1900 1.2600 -40.0900 -43.8200 -3.9800
260.0000 0.0000 14.0000 43.3100 -0.6000 1.3800 -40.5500 -45.0900 -3.4700
259.0000 2.0000 15.0000 29.7700 -0.7700 1.3700 -40.1800 -46.0900 -2.8600
259.0000 1.0000 16.0000 21.2800 -0.9300 0.5200 -40.4500 -47.3600 -2.0400
260.0000 2.0000 16.0000 26.9500 -0.9500 1.5000 -40.2700 -47.8200 -1.3300
257.0000 1.0000 17.0000 34.6300 -0.3300 1.1900 -40.1800 -48.5500 -0.7100
259.0000 3.0000 16.0000 23.9400 -0.6700 1.3100 -40.3600 -49.1800 -0.5100
259.0000 1.0000 17.0000 26.0400 -0.7400 0.7500 -40.0900 -49.8200 0.2000
258.0000 3.0000 16.0000 20.9500 -0.7200 1.3800 -40.3600 -50.3600 0.6100
260.0000 1.0000 15.0000 27.2500 -0.4900 0.8400 -40.3600 -50.5500 0.9200
259.0000 1.0000 16.0000 33.0900 -0.6100 1.1500 -40.1800 -51.2700 1.5300
258.0000 2.0000 17.0000 28.5200 -0.1200 1.1400 -40.5500 -51.7300 2.3500
259.0000 2.0000 17.0000 24.9900 -0.8900 0.9300 -40.2700 -52.0900 2.7600
258.0000 2.0000 15.0000 26.0700 -0.4700 0.3700 -40.3600 -52.6400 3.4700
260.0000 1.0000 19.0000 44.8900 -0.7900 1.3500 -40.4500 -53.2700 4.0800
259.0000 3.0000 15.0000 33.1100 -0.9500 0.7000 -40.4500 -53.7300 4.9000
258.0000 3.0000 16.0000 6.0200 -3.8500 -0.0200 -40.3600 -54.0000 5.7100
260.0000 3.0000 16.0000 7.9300 -15.8200 -3.2000 -40.3600 -54.5500 6.1200
259.0000 5.0000 13.0000 -0.2100 -20.0900 -2.3300 -40.5500 -54.9100 7.3500
258.0000 6.0000 2.0000 -0.5800 -2.9400 -1.0900 -40.6400 -55.0900 8.6700
259.0000 5.0000 5.0000 -0.0700 -0.7900 -0.3300 -40.5500 -55.1800 8.3700
259.0000 7.0000 1.0000 -0.1900 -7.1200 -1.6500 -41.0900 -54.9100 8.5700
258.0000 7.0000 1.0000 0.2300 -2.6100 0.9500 -40.5500 -55.3600 8.8800
258.0000 7.0000 0.0000 -0.1200 -1.4700 0.0700 -40.5500 -55.1800 9.1800
258.0000 7.0000 0.0000 -0.2300 -2.5900 0.9800 -40.6400 -55.2700 8.8800
259.0000 7.0000 -1.0000 -0.3500 -1.6100 0.2600 -40.8200 -55.3600 9.2900
258.0000 9.0000 0.0000 -0.2300 -1.4500 1.4700 -40.6400 -55.1800 9.2900
258.0000 8.0000 0.0000 -0.7000 -2.7100 0.5800 -40.6400 -55.5500 9.4900
258.0000 9.0000 0.0000 -0.2100 0.1400 0.3800 -40.6400 -55.5500 9.4900
257.0000 9.0000 -1.0000 -0.4200 -5.5800 1.0300 -40.6400 -55.4500 9.5900
258.0000 9.0000 0.0000 -0.2600 -2.7700 -0.1900 -40.6400 -55.6400 9.8000
258.0000 9.0000 0.0000 0.1400 -0.8800 -0.1600 -40.6400 -55.4500 9.8000
258.0000 8.0000 -3.0000 -0.6500 -4.8100 1.7500 -40.7300 -55.4500 9.9000
257.0000 11.0000 -1.0000 -0.3800 0.4900 0.7500 -40.6400 -55.6400 9.9000
259.0000 6.0000 -1.0000 -0.0200 -0.4900 0.4000 -40.7300 -55.3600 9.9000
258.0000 9.0000 -3.0000 -0.4500 -3.6800 1.3100 -40.8200 -55.3600 10.0000
271.0000 5.0000 -3.0000 0.2500 -9.5900 0.9600 -40.4500 -55.7300 10.2000
258.0000 11.0000 -3.0000 -0.6500 -1.9100 1.1500 -40.7300 -55.4500 10.1000
259.0000 8.0000 -1.0000 -0.6500 -2.0300 1.1900 -40.8200 -55.2700 9.8000
257.0000 10.0000 -8.0000 -24.2400 -2.7300 3.0300 -40.6400 -55.4500 9.9000
259.0000 7.0000 -1.0000 -0.4000 1.8600 -0.2100 -40.8200 -55.4500 9.4900
260.0000 9.0000 -2.0000 -1.4000 -6.2500 1.5400 -40.6400 -55.3600 9.5900
257.0000 11.0000 -2.0000 -0.7700 2.8400 1.3100 -40.6400 -55.5500 9.6900
259.0000 9.0000 0.0000 -0.4200 -1.8400 0.9500 -40.4500 -55.5500 9.3900
258.0000 9.0000 -2.0000 -0.0700 -0.6000 0.9600 -40.7300 -55.1800 9.4900
258.0000 7.0000 -1.0000 0.0700 -1.0000 1.1200 -40.7300 -55.1800 9.3900
257.0000 12.0000 -5.0000 -0.3500 -1.4700 1.5400 -40.5500 -55.4500 9.3900
258.0000 7.0000 -2.0000 -0.1700 -0.6700 0.5400 -40.9100 -55.3600 9.3900
259.0000 10.0000 -1.0000 -0.4200 -1.8600 0.8100 -40.5500 -55.1800 9.3900
258.0000 8.0000 -1.0000 -0.2500 -0.8900 0.8800 -40.6400 -55.5500 9.4900
258.0000 9.0000 -3.0000 -0.4700 -1.2800 0.7200 -40.6400 -55.3600 9.4900
258.0000 8.0000 -2.0000 -0.0700 -0.8400 1.2400 -40.9100 -55.0900 9.6900
258.0000 10.0000 -2.0000 -0.3300 -0.7400 0.9600 -40.9100 -55.1800 9.4900
258.0000 8.0000 -1.0000 -0.3300 -1.1000 1.1200 -40.8200 -55.4500 9.4900
258.0000 8.0000 -1.0000 0.0200 -1.7500 1.0300 -40.5500 -55.2700 9.4900
258.0000 10.0000 -1.0000 -0.3300 -0.0300 0.6300 -40.7300 -55.2700 9.6900
259.0000 9.0000 -1.0000 -0.3300 -1.5000 1.2400 -40.5500 -55.6400 9.4900
258.0000 9.0000 -1.0000 -0.4400 -0.8400 0.9800 -41.0000 -55.2700 9.6900
258.0000 10.0000 -3.0000 -0.4400 -0.7200 0.9600 -40.9100 -55.2700 9.4900
258.0000 8.0000 0.0000 -0.1200 -0.8400 1.0100 -40.6400 -55.5500 9.5900
258.0000 9.0000 -2.0000 -0.0700 -0.9500 1.1400 -40.7300 -55.3600 9.3900
259.0000 9.0000 -1.0000 -0.1900 -0.8200 0.7400 -41.0000 -55.1800 9.4900
258.0000 8.0000 -1.0000 -0.3500 -1.4500 1.0500 -40.9100 -55.3600 9.1800
258.0000 9.0000 -1.0000 -0.2500 -1.1400 0.8400 -40.5500 -55.0900 9.5900
258.0000 9.0000 -2.0000 -0.3100 -0.8100 0.7200 -40.8200 -55.1800 9.3900
257.0000 9.0000 -2.0000 -0.3000 -1.3100 0.8400 -40.5500 -55.2700 9.6900
258.0000 8.0000 -1.0000 -0.4500 -0.3800 0.8900 -41.0000 -55.2700 9.3900
258.0000 9.0000 -1.0000 -0.2500 -1.2800 1.2100 -40.7300 -55.1800 9.3900
259.0000 8.0000 -1.0000 -0.2100 -0.7200 1.1500 -40.9100 -55.2700 9.5900
258.0000 10.0000 -1.0000 -0.0300 -1.1900 0.9500 -40.8200 -55.3600 9.3900
257.0000 9.0000 -2.0000 -0.2800 -1.2800 1.2600 -40.8200 -55.3600 9.4900
258.0000 9.0000 0.0000 -0.3500 -1.2400 1.2100 -40.6400 -55.3600 9.4900
258.0000 8.0000 0.0000 -0.2600 -1.0700 0.9800 -40.6400 -55.6400 9.1800
258.0000 8.0000 -2.0000 -0.4700 -0.8900 1.1200 -40.6400 -55.1800 9.4900
258.0000 9.0000 -2.0000 -0.5200 -1.0000 0.9800 -40.6400 -55.1800 9.3900
259.0000 9.0000 -3.0000 -0.3800 -0.6800 1.0900 -40.8200 -55.2700 9.3900
258.0000 9.0000 -2.0000 -0.1700 -0.7200 0.7900 -40.6400 -55.1800 9.3900
258.0000 8.0000 -1.0000 -0.3300 -0.8400 0.8600 -40.8200 -55.1800 9.4900
258.0000 8.0000 -1.0000 -0.3100 -0.4000 0.5600 -40.7300 -55.2700 9.2900
258.0000 10.0000 -1.0000 -0.7000 -0.7400 0.8400 -40.6400 -55.3600 9.3900
258.0000 9.0000 -2.0000 -0.5800 -0.9300 0.9800 -40.8200 -55.0900 9.2900
258.0000 8.0000 0.0000 -0.2500 -0.8100 1.0000 -40.7300 -55.1800 9.3900
258.0000 9.0000 0.0000 -0.5200 -1.1000 1.2800 -40.7300 -55.3600 9.4900
258.0000 8.0000 -2.0000 -0.2100 -1.1400 1.4700 -40.8200 -55.3600 9.3900
257.0000 10.0000 0.0000 -0.0700 -0.4700 1.5900 -40.4500 -55.0900 9.2900
257.0000 9.0000 0.0000 -0.0700 0.0700 1.5400 -40.9100 -55.3600 9.5900