258.0000 14.0000 10.0000 -0.2600 -1.1500 0.7200 -39.3600 -52.5500 0.5100
258.0000 14.0000 9.0000 -0.2300 -1.0900 0.7900 -39.3600 -52.2700 0.2000
258.0000 14.0000 9.0000 -0.4000 -0.8900 0.8200 -39.3600 -52.3600 0.4100
258.0000 13.0000 9.0000 -0.2600 -0.9100 0.9600 -39.4500 -52.7300 0.1000
259.0000 13.0000 9.0000 -0.4500 -0.9600 0.6500 -39.4500 -52.6400 0.1000
258.0000 14.0000 10.0000 -0.0900 -1.0300 1.1700 -39.0900 -52.2700 0.6100
258.0000 13.0000 9.0000 -0.3100 -0.7000 0.9500 -39.5500 -52.2700 0.1000
258.0000 13.0000 10.0000 -0.4000 -1.0000 0.8200 -39.4500 -52.4500 0.3100
258.0000 15.0000 9.0000 -0.4500 -0.9500 0.5200 -39.0900 -52.2700 0.3100
259.0000 13.0000 9.0000 -0.5800 -0.9500 1.0100 -39.1800 -52.2700 0.3100
258.0000 14.0000 9.0000 -0.2300 -1.0000 1.0300 -39.1800 -52.3600 0.5100
258.0000 14.0000 10.0000 -0.5100 -0.7200 1.2100 -39.5500 -52.5500 0.5100
259.0000 14.0000 10.0000 -0.1900 -0.8200 1.0300 -39.2700 -52.5500 0.2000
258.0000 13.0000 10.0000 -0.1200 -0.7900 0.9100 -39.0900 -52.5500 0.5100
258.0000 13.0000 10.0000 -0.2600 -1.3100 0.7200 -39.2700 -52.6400 0.1000
258.0000 13.0000 9.0000 -0.2300 -1.0900 0.5400 -39.4500 -52.2700 0.4100
258.0000 14.0000 10.0000 -0.1600 -0.7000 1.1700 -39.5500 -52.7300 0.5100
257.0000 15.0000 9.0000 -0.1400 -1.1400 0.9500 -39.2700 -52.5500 0.4100
258.0000 14.0000 8.0000 -0.3500 -1.1900 0.6700 -39.3600 -52.3600 0.4100
258.0000 14.0000 10.0000 -0.4000 -1.1000 0.8400 -39.4500 -52.3600 0.6100
259.0000 14.0000 10.0000 -0.1700 -0.9800 1.0900 -39.5500 -52.6400 0.4100
258.0000 15.0000 9.0000 0.0000 -1.0300 0.9300 -39.3600 -52.4500 0.5100
259.0000 14.0000 9.0000 -0.0900 -0.7500 0.8900 -39.2700 -52.3600 0.4100
257.0000 14.0000 10.0000 -0.4700 -1.1400 0.8900 -39.4500 -52.5500 0.2000
257.0000 13.0000 9.0000 -0.3800 -1.3500 1.1700 -39.5500 -52.4500 0.5100
259.0000 14.0000 8.0000 -0.3000 -0.9500 0.6000 -39.2700 -52.5500 0.3100
257.0000 14.0000 9.0000 -0.4500 -0.7200 0.8600 -39.4500 -52.1800 0.2000
258.0000 14.0000 10.0000 -0.2800 -0.8200 0.7900 -39.5500 -52.6400 0.3100
259.0000 14.0000 9.0000 -0.2300 -1.2800 0.9500 -39.4500 -52.4500 0.4100
258.0000 13.0000 9.0000 -0.0900 -0.7000 1.3300 -39.3600 -52.3600 0.1000
259.0000 13.0000 8.0000 -0.3700 -0.7400 0.8900 -39.2700 -52.6400 0.3100
257.0000 14.0000 9.0000 -0.0200 -0.7000 0.7700 -39.1800 -52.6400 0.2000
258.0000 14.0000 11.0000 -0.1100 -1.4200 0.4700 -39.5500 -52.3600 0.5100
258.0000 13.0000 10.0000 -0.3000 -0.9100 1.1500 -39.4500 -52.4500 0.3100
258.0000 13.0000 9.0000 -0.1100 -0.6800 1.3700 -39.4500 -52.3600 0.7100
258.0000 14.0000 9.0000 -0.3500 -1.1200 0.6700 -39.1800 -52.5500 0.3100
258.0000 14.0000 10.0000 -0.1600 -0.6100 1.1400 -39.3600 -52.8200 0.3100
258.0000 13.0000 9.0000 -0.1600 -1.0100 1.0900 -39.1800 -52.7300 0.7100
258.0000 13.0000 9.0000 -0.5100 -1.2100 0.9600 -39.2700 -52.5500 0.3100
259.0000 15.0000 9.0000 -0.2800 -0.9800 1.2100 -39.5500 -52.7300 0.4100
258.0000 13.0000 10.0000 -0.1100 -1.0500 0.9300 -39.2700 -52.3600 0.2000
258.0000 13.0000 10.0000 -0.5600 -0.7200 0.9800 -39.5500 -52.3600 0.3100
258.0000 14.0000 9.0000 -0.4000 -1.0500 0.8200 -39.2700 -52.5500 0.4100
257.0000 14.0000 10.0000 -0.2500 -0.9500 1.1900 -39.0900 -52.4500 0.1000
259.0000 13.0000 9.0000 -0.0700 -0.7500 0.9600 -39.3600 -52.4500 0.4100
258.0000 13.0000 9.0000 -0.3000 -0.9100 1.0300 -39.4500 -52.4500 0.3100
258.0000 14.0000 9.0000 -0.6700 -0.3300 1.7300 -39.3600 -52.2700 0.3100
258.0000 14.0000 9.0000 -0.2500 -0.4200 1.1700 -39.2700 -52.6400 0.2000
258.0000 13.0000 9.0000 -0.4700 -0.7000 1.1900 -39.2700 -52.2700 0.3100
257.0000 14.0000 11.0000 -0.2600 -1.0300 1.0300 -39.3600 -52.3600 0.0000
258.0000 12.0000 10.0000 -0.3500 -1.1400 1.0100 -39.2700 -52.4500 0.2000
258.0000 13.0000 9.0000 -0.2300 -0.4500 0.8200 -39.4500 -52.3600 0.4100
259.0000 13.0000 9.0000 -0.2800 -0.6000 1.2100 -39.2700 -52.3600 0.4100
259.0000 13.0000 10.0000 -0.2300 -0.9800 1.1000 -39.6400 -52.2700 0.2000
258.0000 13.0000 10.0000 -0.1100 -0.9500 1.3300 -39.4500 -52.6400 0.5100
258.0000 14.0000 10.0000 -0.4500 -1.4400 0.8200 -39.5500 -52.5500 0.0000
258.0000 14.0000 10.0000 -0.5400 -0.7500 1.1700 -39.3600 -52.6400 0.1000
257.0000 15.0000 9.0000 -0.5100 0.0200 1.5800 -39.6400 -52.4500 0.3100
258.0000 12.0000 10.0000 -0.3100 -0.6100 1.2300 -39.1800 -52.3600 0.0000
259.0000 13.0000 10.0000 -0.2800 -1.1900 0.7700 -39.2700 -52.2700 0.0000
259.0000 13.0000 9.0000 -0.5100 -0.7700 1.3300 -39.5500 -52.1800 0.2000
259.0000 13.0000 11.0000 -0.3700 -0.8100 1.1000 -39.2700 -52.3600 0.4100
259.0000 13.0000 10.0000 -0.5400 -0.9800 0.8200 -39.1800 -52.2700 0.2000
260.0000 12.0000 11.0000 -0.2500 -1.2100 0.7700 -39.0000 -52.5500 0.3100
258.0000 14.0000 10.0000 -0.3800 -0.3300 1.7700 -39.2700 -52.3600 0.2000
259.0000 13.0000 11.0000 -0.4000 -1.1200 1.2800 -39.2700 -52.4500 0.4100
258.0000 12.0000 11.0000 -0.2600 -1.6100 0.0700 -39.2700 -52.3600 0.0000
258.0000 13.0000 11.0000 -0.6100 -1.4200 0.7900 -39.2700 -52.1800 0.4100
259.0000 12.0000 10.0000 -0.4200 -1.4000 1.0000 -39.0000 -52.3600 0.3100
258.0000 13.0000 10.0000 -0.2600 -1.3800 0.9100 -39.5500 -52.3600 0.1000
259.0000 13.0000 10.0000 -0.2500 -1.1500 1.0900 -39.1800 -52.2700 0.1000
259.0000 14.0000 10.0000 -0.4000 -0.9500 0.9800 -39.3600 -52.5500 0.2000
258.0000 13.0000 10.0000 -0.1900 -0.7400 1.1000 -39.5500 -52.4500 0.1000
259.0000 12.0000 10.0000 -0.4700 -0.7700 1.4200 -39.3600 -52.2700 0.2000
258.0000 14.0000 10.0000 -0.0300 -1.2300 0.6800 -39.6400 -52.2700 0.2000
259.0000 13.0000 10.0000 -0.1100 -0.8800 0.8100 -39.5500 -52.4500 0.4100
257.0000 14.0000 10.0000 -0.3100 -1.2900 0.5100 -39.2700 -52.1800 0.1000
258.0000 13.0000 9.0000 -0.1700 -1.3100 0.5200 -39.3600 -52.4500 0.1000
257.0000 14.0000 9.0000 -0.3000 -0.8600 1.0700 -39.1800 -52.5500 0.1000
258.0000 12.0000 9.0000 -0.4200 -0.8600 1.0900 -39.2700 -52.4500 0.2000
258.0000 13.0000 11.0000 -0.1900 -0.6500 1.0900 -39.5500 -52.5500 0.3100
258.0000 12.0000 10.0000 -0.0700 -0.7500 1.4900 -39.2700 -52.4500 0.4100
259.0000 12.0000 10.0000 -0.3700 -1.3300 0.7900 -39.3600 -52.4500 0.1000
258.0000 13.0000 10.0000 -0.3000 -0.6000 1.1000 -39.5500 -52.4500 0.2000
258.0000 13.0000 9.0000 -0.2300 -0.1900 1.7500 -39.4500 -52.6400 0.3100
258.0000 14.0000 11.0000 0.1400 -0.4900 1.6600 -39.5500 -52.7300 0.3100
258.0000 13.0000 2.0000 26.0000 0.8800 1.1500 -39.2700 -52.5500 0.6100
259.0000 13.0000 10.0000 0.0300 0.1200 1.9400 -39.0900 -53.7300 0.9200
259.0000 12.0000 10.0000 -0.4500 -1.0700 0.3000 -39.0900 -53.3600 1.4300
259.0000 12.0000 11.0000 0.3100 -0.1400 1.8700 -39.1800 -53.1800 0.9200
258.0000 12.0000 12.0000 17.0300 1.2400 1.9400 -39.3600 -53.5500 1.1200
259.0000 11.0000 14.0000 13.4900 1.5400 3.2700 -39.1800 -53.7300 1.5300
259.0000 12.0000 8.0000 8.1000 -1.0000 0.1600 -39.1800 -53.9100 1.7300
258.0000 13.0000 10.0000 9.2100 -1.0100 0.2300 -39.3600 -54.3600 1.7300
259.0000 13.0000 9.0000 12.4800 -0.4400 0.6800 -39.0000 -54.1800 2.2400
257.0000 14.0000 8.0000 12.9200 -1.0300 -0.0200 -39.1800 -54.7300 2.8600
259.0000 12.0000 13.0000 13.0900 -0.4400 0.7900 -38.8200 -55.1800 2.7600
258.0000 13.0000 12.0000 12.1600 -0.7000 0.5100 -39.0900 -55.5500 3.1600
260.0000 12.0000 14.0000 7.6800 0.6100 1.4400 -38.6400 -55.4500 3.2700
259.0000 13.0000 10.0000 9.5400 0.4200 1.6100 -38.9100 -55.6400 3.4700
258.0000 11.0000 14.0000 9.9800 0.0200 1.8700 -38.7300 -55.7300 3.5700
259.0000 12.0000 11.0000 9.8500 -1.1000 0.0000 -38.6400 -55.8200 3.8800
259.0000 13.0000 11.0000 10.1000 -2.0500 -0.5600 -38.8200 -56.2700 3.9800
258.0000 12.0000 14.0000 4.1300 -0.1600 1.5200 -38.6400 -56.2700 4.2900
258.0000 13.0000 11.0000 5.6900 -0.7400 1.2800 -38.6400 -56.3600 4.2900
258.0000 13.0000 10.0000 3.6900 -0.4000 1.5900 -38.9100 -56.2700 4.2900
259.0000 12.0000 9.0000 7.0000 -0.6700 0.7500 -38.4500 -56.5500 4.3900
258.0000 13.0000 7.0000 10.7800 -0.6800 0.7400 -38.5500 -56.4500 4.9000
258.0000 12.0000 11.0000 0.1200 0.6300 3.1900 -38.4500 -56.6400 4.8000
258.0000 12.0000 10.0000 16.3600 1.7300 3.1700 -38.6400 -56.5500 4.9000
258.0000 14.0000 5.0000 11.9700 1.6600 3.0100 -38.4500 -56.6400 5.4100
259.0000 11.0000 12.0000 -0.5400 0.7500 3.1500 -38.5500 -56.9100 5.5100
259.0000 9.0000 15.0000 -0.2800 0.6000 2.9900 -38.6400 -56.6400 5.4100
259.0000 7.0000 19.0000 21.8700 1.6100 3.0300 -38.9100 -56.5500 5.3100
259.0000 9.0000 12.0000 5.6000 -0.4200 1.6100 -38.5500 -56.5500 5.9200
258.0000 9.0000 16.0000 0.3000 -0.4900 1.3500 -38.9100 -56.8200 6.0200
259.0000 6.0000 13.0000 9.9400 -0.2800 1.5900 -38.7300 -56.7300 5.5100
258.0000 8.0000 15.0000 12.3400 -0.4000 1.0700 -38.6400 -57.0000 6.0200
258.0000 11.0000 12.0000 -8.5100 -0.9600 0.5100 -38.6400 -57.0000 6.1200
259.0000 4.0000 22.0000 16.5500 -0.1900 1.1400 -38.7300 -56.6400 6.0200
259.0000 5.0000 18.0000 8.9300 -0.1100 3.3100 -38.8200 -56.9100 6.2200
259.0000 10.0000 14.0000 5.4600 -1.1400 0.4500 -38.7300 -57.3600 6.6300
258.0000 7.0000 15.0000 4.2900 -0.4000 1.5400 -38.5500 -57.2700 6.9400
259.0000 8.0000 13.0000 8.5700 -0.7200 2.4700 -38.7300 -57.1800 7.0400
259.0000 8.0000 16.0000 15.0500 -0.7500 -0.2100 -38.8200 -57.3600 7.7600
259.0000 8.0000 14.0000 4.9700 -0.8100 0.7200 -38.5500 -57.2700 7.7600
259.0000 8.0000 17.0000 7.3700 -0.6500 1.7300 -38.8200 -57.6400 7.8600
259.0000 8.0000 15.0000 6.1100 -0.2600 1.7000 -38.8200 -57.4500 7.8600
259.0000 8.0000 13.0000 8.2600 -1.1500 -2.3100 -38.5500 -57.9100 8.3700
258.0000 8.0000 14.0000 5.9500 -0.4500 1.1400 -38.8200 -57.6400 8.1600
258.0000 8.0000 16.0000 1.3500 -0.7400 0.8600 -38.6400 -58.0000 8.4700
258.0000 12.0000 11.0000 -5.8100 -0.4700 1.3800 -38.7300 -58.0900 8.2700
258.0000 10.0000 13.0000 4.1800 -0.8200 0.8100 -39.0900 -58.0900 8.1600
259.0000 8.0000 16.0000 5.7200 -0.3000 2.0800 -38.7300 -57.9100 8.2700
260.0000 10.0000 13.0000 4.5000 -0.6100 0.7500 -38.8200 -58.0000 8.7800
258.0000 8.0000 16.0000 11.9900 -0.7900 1.7300 -39.0900 -57.8200 8.9800
260.0000 7.0000 15.0000 11.6900 -0.3800 1.5000 -39.0000 -58.2700 9.3900
259.0000 6.0000 17.0000 11.2700 -0.3500 1.8000 -38.9100 -58.0900 9.5900
258.0000 7.0000 18.0000 20.0400 -0.7000 0.9300 -39.0000 -58.0900 10.0000
257.0000 9.0000 15.0000 7.5600 -0.7400 1.1000 -38.9100 -58.4500 10.3100
259.0000 8.0000 16.0000 5.4600 -1.1200 0.8200 -39.0900 -58.4500 10.7100
259.0000 13.0000 8.0000 1.7300 -2.5900 -0.5100 -38.7300 -58.6400 10.9200
258.0000 9.0000 16.0000 16.0100 -0.4900 1.4000 -38.7300 -59.0900 11.3300
257.0000 9.0000 14.0000 -1.0100 -0.9100 1.0300 -38.5500 -59.0000 11.5300
258.0000 11.0000 12.0000 6.5300 -0.1100 2.2800 -38.5500 -58.9100 11.8400
258.0000 7.0000 18.0000 12.3000 -0.5400 1.0300 -38.7300 -59.3600 11.7300
259.0000 7.0000 17.0000 13.6900 0.3000 1.4200 -38.6400 -59.0000 12.2400
258.0000 9.0000 13.0000 8.8000 -1.4200 -0.1100 -38.6400 -59.0900 12.5500
259.0000 8.0000 16.0000 2.7100 -0.7900 0.8800 -38.9100 -59.5500 12.8600
258.0000 9.0000 15.0000 6.1400 -0.9100 1.0000 -38.8200 -59.4500 12.5500
259.0000 9.0000 14.0000 10.4000 -0.5600 1.3800 -38.6400 -59.4500 13.0600
258.0000 10.0000 17.0000 28.1600 -1.2600 -0.6000 -38.7300 -59.5500 13.3700
259.0000 10.0000 12.0000 13.1300 -3.2000 -2.2400 -38.6400 -59.4500 14.0800
260.0000 9.0000 14.0000 1.0000 -4.5500 -3.0300 -38.4500 -59.9100 14.5900
258.0000 14.0000 14.0000 13.4400 -0.8400 0.1700 -38.3600 -60.0900 14.9000
260.0000 12.0000 11.0000 17.0100 0.5400 2.0300 -38.5500 -60.1800 15.5100
261.0000 11.0000 13.0000 3.3400 -2.2900 -1.1400 -38.2700 -60.1800 15.7100
256.0000 12.0000 12.0000 38.4000 5.9700 7.1400 -38.5500 -59.7300 15.9200
259.0000 17.0000 -1.0000 17.3800 2.9200 5.4800 -38.3600 -59.9100 17.3500
258.0000 5.0000 22.0000 16.0300 -0.7500 0.6300 -38.6400 -59.7300 17.5500
259.0000 9.0000 12.0000 1.8700 -8.8900 -4.4300 -38.6400 -59.8200 18.3700
256.0000 10.0000 12.0000 14.0300 1.2300 2.8200 -38.2700 -59.9100 18.5700
258.0000 9.0000 16.0000 20.9800 2.3600 3.6200 -38.4500 -60.0900 18.6700
259.0000 10.0000 11.0000 15.4000 -0.7900 0.4400 -38.3600 -59.7300 19.2900
259.0000 8.0000 16.0000 15.8600 0.4900 2.3600 -38.7300 -59.7300 19.4900
259.0000 10.0000 13.0000 8.8400 -0.0200 1.6500 -38.7300 -59.6400 19.9000
258.0000 10.0000 13.0000 9.7300 -1.4900 0.3800 -38.2700 -59.7300 20.3100
259.0000 10.0000 13.0000 17.5900 -0.8600 0.0900 -38.4500 -59.8200 20.4100
260.0000 12.0000 11.0000 16.5700 0.5600 2.0800 -38.4500 -59.7300 21.2200
258.0000 10.0000 15.0000 18.3600 0.1100 1.8400 -38.5500 -59.6400 21.7300
259.0000 10.0000 17.0000 17.2000 -1.2100 0.0300 -38.3600 -59.8200 21.6300
259.0000 8.0000 13.0000 23.5700 0.4200 1.8200 -38.5500 -59.4500 22.2400
259.0000 10.0000 12.0000 5.3200 -0.5400 0.9800 -38.4500 -59.2700 22.9600
259.0000 10.0000 12.0000 7.9500 -0.4400 1.3100 -38.5500 -59.4500 23.1600
258.0000 12.0000 12.0000 5.4400 -0.5200 0.9500 -38.4500 -59.3600 23.3700
259.0000 10.0000 14.0000 0.3800 -1.3500 -0.0200 -38.4500 -59.2700 23.5700
258.0000 10.0000 14.0000 8.3100 0.4500 2.1900 -38.3600 -59.3600 23.6700
258.0000 11.0000 14.0000 7.0700 -0.4200 0.9800 -38.7300 -59.2700 23.7800
259.0000 12.0000 10.0000 1.4200 -0.8100 0.3800 -38.6400 -59.1800 23.7800
260.0000 9.0000 14.0000 8.6800 -1.8600 -0.7700 -38.6400 -59.0900 24.2900
259.0000 12.0000 11.0000 15.4700 -3.0300 -2.1200 -38.6400 -59.2700 24.1800
258.0000 14.0000 12.0000 12.9300 -1.7200 0.0000 -38.4500 -59.4500 25.4100
259.0000 15.0000 8.0000 4.8000 -0.8400 0.4700 -38.2700 -59.1800 25.5100
258.0000 12.0000 11.0000 11.0800 1.7300 3.7100 -38.4500 -59.0000 25.7100
258.0000 13.0000 12.0000 9.0600 0.0500 1.5800 -38.3600 -58.9100 26.1200
257.0000 15.0000 9.0000 7.7000 -2.8500 -0.3800 -38.2700 -58.7300 26.6300
259.0000 12.0000 12.0000 -0.2300 -2.1700 -0.8400 -38.2700 -59.0000 26.5300
258.0000 15.0000 9.0000 0.1900 -3.6100 -2.0800 -37.8200 -59.0900 26.7300
258.0000 14.0000 9.0000 10.0600 0.0500 0.9600 -38.0000 -59.0900 26.7300
258.0000 15.0000 9.0000 10.5000 -0.8100 0.2600 -38.2700 -59.0900 27.0400
258.0000 14.0000 10.0000 10.8300 -0.3100 1.0100 -38.1800 -58.6400 27.3500
259.0000 14.0000 11.0000 4.6400 0.0000 1.3300 -38.2700 -58.7300 27.3500
259.0000 14.0000 10.0000 11.5200 -1.4200 -0.2100 -38.0900 -58.5500 27.8600
258.0000 13.0000 15.0000 12.4100 1.5000 3.0800 -38.3600 -58.7300 28.1600
260.0000 15.0000 11.0000 12.6700 0.0900 1.1000 -38.3600 -58.1800 28.1600
259.0000 12.0000 10.0000 12.8300 -1.7300 -0.3700 -38.1800 -58.2700 28.6700
258.0000 18.0000 9.0000 8.9100 0.6500 2.4500 -38.2700 -58.0000 28.9800
258.0000 12.0000 13.0000 10.9400 2.0000 3.7300 -38.3600 -58.0000 29.0800
258.0000 12.0000 15.0000 14.5600 -0.9800 0.3700 -38.5500 -57.6400 29.2900
258.0000 14.0000 6.0000 3.6400 -1.9100 -0.3800 -38.3600 -57.3600 29.8000
261.0000 15.0000 11.0000 10.4700 -1.3300 -0.3700 -38.4500 -57.2700 29.9000
259.0000 15.0000 7.0000 7.7900 -2.8200 -1.0700 -38.2700 -57.0900 30.6100
258.0000 14.0000 16.0000 3.2000 0.3000 1.7200 -38.2700 -57.3600 30.4100
258.0000 15.0000 9.0000 15.5600 0.7000 2.6800 -38.1800 -57.3600 30.8200
258.0000 14.0000 7.0000 1.8700 -0.3700 1.2900 -38.2700 -56.7300 31.2200
258.0000 14.0000 14.0000 11.6700 0.3800 1.9600 -38.3600 -56.7300 30.9200
258.0000 12.0000 10.0000 2.5200 -1.1500 -0.2300 -38.4500 -56.5500 31.3300
259.0000 14.0000 9.0000 2.5200 -2.7300 -1.1500 -38.1800 -56.4500 31.3300
258.0000 15.0000 9.0000 1.1000 -1.1400 0.4900 -38.3600 -56.5500 31.8400
259.0000 14.0000 10.0000 3.4300 0.7000 2.7000 -38.2700 -56.7300 31.9400
259.0000 13.0000 8.0000 16.9900 1.2300 2.3600 -38.1800 -56.5500 32.0400
260.0000 14.0000 9.0000 9.0500 -0.4700 0.9300 -38.3600 -55.9100 32.2400
257.0000 14.0000 9.0000 -0.1100 0.2800 1.9200 -38.1800 -56.2700 32.2400
259.0000 13.0000 11.0000 0.0500 -2.8900 -1.0700 -38.2700 -56.1800 32.2400
258.0000 16.0000 14.0000 16.4000 -1.3100 -0.1700 -38.1800 -56.0000 32.5500
257.0000 16.0000 4.0000 5.1800 3.2400 4.4800 -38.3600 -55.8200 33.0600
260.0000 12.0000 12.0000 20.0500 0.1600 1.1400 -38.4500 -55.0900 32.9600
258.0000 14.0000 10.0000 1.4700 -1.4700 -0.1400 -38.1800 -55.0900 33.0600
257.0000 15.0000 8.0000 -0.3800 -0.9500 1.3700 -38.3600 -55.0000 33.0600
257.0000 13.0000 11.0000 -0.2600 2.4000 5.1800 -38.3600 -55.0000 33.3700
258.0000 12.0000 11.0000 1.9400 -0.1900 2.6300 -38.3600 -54.8200 33.1600
258.0000 12.0000 11.0000 0.2500 -1.1000 0.6800 -38.8200 -54.6400 32.8600
259.0000 11.0000 12.0000 4.9000 1.2900 3.6200 -38.8200 -54.6400 33.2700
259.0000 9.0000 17.0000 17.8100 0.3100 1.9400 -39.0900 -54.5500 33.1600
259.0000 9.0000 11.0000 0.4400 -3.0500 -2.0100 -38.8200 -54.4500 33.1600
258.0000 12.0000 11.0000 -0.3800 -1.0700 0.8900 -38.7300 -54.4500 33.4700
258.0000 11.0000 11.0000 -0.2100 0.2300 2.5700 -38.8200 -54.2700 33.7800
259.0000 10.0000 11.0000 0.0700 -2.6300 -1.1900 -38.7300 -54.3600 33.3700
258.0000 12.0000 11.0000 -0.2100 -1.6800 0.2300 -38.7300 -54.5500 33.4700
258.0000 13.0000 10.0000 -0.4200 1.3100 3.1900 -38.6400 -54.5500 33.6700
259.0000 11.0000 11.0000 -0.3100 0.3300 2.3800 -38.5500 -54.4500 33.6700
258.0000 12.0000 10.0000 -0.3000 -2.7800 -1.5000 -38.7300 -54.2700 33.6700
259.0000 12.0000 11.0000 -0.2600 -3.3600 -2.0700 -38.7300 -54.0900 33.3700
257.0000 14.0000 8.0000 0.0300 -1.7300 0.4200 -38.3600 -54.5500 33.8800
258.0000 13.0000 9.0000 -0.3500 1.2900 3.4700 -38.3600 -54.8200 33.8800
257.0000 12.0000 12.0000 -0.4700 3.7100 6.3400 -38.4500 -54.7300 33.8800
259.0000 11.0000 12.0000 -0.5600 0.4200 2.6400 -38.6400 -54.3600 33.6700
259.0000 9.0000 12.0000 -0.1600 -0.5400 1.5800 -38.7300 -54.3600 33.7800
258.0000 10.0000 12.0000 -1.4400 -0.3800 1.9600 -39.0000 -54.3600 33.3700
259.0000 11.0000 12.0000 -0.2600 -0.1900 1.3800 -38.7300 -54.1800 33.4700
258.0000 10.0000 13.0000 -0.2100 -1.0000 0.6800 -38.9100 -54.2700 33.4700
259.0000 10.0000 12.0000 -0.2100 -1.1000 0.8200 -39.0900 -54.0000 32.9600
258.0000 10.0000 12.0000 -0.1100 -0.5200 1.1000 -38.9100 -54.0000 33.2700
260.0000 9.0000 12.0000 -0.3500 0.0200 2.5400 -38.9100 -54.3600 33.1600
260.0000 9.0000 14.0000 -0.0500 -0.9100 0.8400 -38.8200 -54.2700 33.3700
259.0000 9.0000 13.0000 -0.1400 -0.8600 1.4200 -39.0000 -54.3600 33.3700
258.0000 9.0000 13.0000 -0.2100 -1.7700 -0.2600 -38.8200 -53.9100 33.1600
258.0000 10.0000 12.0000 -0.1100 -0.3300 1.5200 -38.9100 -54.2700 33.4700
259.0000 9.0000 14.0000 -0.5200 -0.3300 1.5400 -39.0900 -54.0000 33.1600
258.0000 10.0000 14.0000 -0.3500 -1.3800 0.6100 -39.0900 -54.0000 33.1600
259.0000 7.0000 19.0000 12.3000 0.3700 2.1500 -39.1800 -54.0900 33.2700
259.0000 8.0000 13.0000 5.4600 -0.0900 1.0700 -39.0900 -54.0000 33.3700
258.0000 10.0000 10.0000 -0.3300 -0.7200 1.1000 -39.0900 -53.9100 33.5700
259.0000 9.0000 14.0000 -0.3000 -1.6300 0.4500 -39.0900 -53.8200 33.2700
258.0000 10.0000 13.0000 -0.1200 -1.6500 0.6300 -39.3600 -53.9100 33.8800
259.0000 10.0000 12.0000 -0.0700 -0.7000 1.4900 -39.0000 -54.0000 33.6700
259.0000 9.0000 14.0000 -0.3000 -0.7500 1.0100 -39.0900 -54.0900 33.7800
258.0000 9.0000 14.0000 -0.1600 -2.0300 -0.2100 -39.1800 -53.6400 33.6700
258.0000 10.0000 12.0000 -0.5100 -0.1200 1.6300 -38.8200 -54.0000 33.8800
258.0000 9.0000 12.0000 -0.2800 -0.3300 1.7300 -39.0000 -53.8200 33.5700
259.0000 10.0000 14.0000 1.1000 -0.7900 0.7900 -39.0000 -53.9100 33.3700
258.0000 10.0000 13.0000 -0.3700 -1.6100 0.0200 -39.1800 -54.0000 33.7800
259.0000 10.0000 13.0000 1.2800 -0.9300 1.0700 -39.1800 -54.0000 33.4700
258.0000 10.0000 20.0000 -0.0300 -0.3500 1.6600 -38.6400 -54.0000 33.5700
258.0000 10.0000 8.0000 0.2800 -0.8900 0.4400 -38.9100 -54.0000 33.5700
259.0000 9.0000 10.0000 -1.2400 -1.5900 0.5200 -38.9100 -53.7300 33.6700
259.0000 9.0000 13.0000 -0.3800 -1.2800 1.2400 -39.0000 -53.8200 33.4700
259.0000 10.0000 15.0000 -1.8400 -0.8600 1.5400 -38.7300 -53.8200 33.5700
258.0000 9.0000 11.0000 -0.6500 -1.1900 0.9100 -38.8200 -54.1800 33.4700
259.0000 9.0000 11.0000 1.1400 -1.3300 0.3700 -38.9100 -54.0900 33.3700
258.0000 12.0000 15.0000 -1.0500 -0.7200 1.1000 -39.0900 -54.0900 33.1600
258.0000 10.0000 16.0000 4.4100 -1.0300 1.3300 -38.8200 -53.8200 33.3700
259.0000 7.0000 11.0000 2.8400 -1.8600 -0.6800 -38.7300 -54.1800 33.4700
259.0000 5.0000 10.0000 4.7300 -1.0700 0.5400 -38.4500 -54.2700 33.5700
259.0000 8.0000 16.0000 1.1000 -0.9500 0.8200 -38.6400 -54.2700 33.3700
258.0000 12.0000 14.0000 3.2900 -0.1400 2.5700 -38.7300 -54.3600 33.1600
259.0000 10.0000 12.0000 -7.3900 -3.3600 -1.9100 -38.3600 -54.2700 32.9600
260.0000 10.0000 13.0000 -3.3400 -1.2900 0.5800 -38.2700 -54.3600 32.9600
259.0000 12.0000 17.0000 4.4300 0.4000 2.9800 -38.1800 -54.4500 32.8600
259.0000 10.0000 0.0000 2.6600 -2.0000 -0.4700 -38.3600 -54.7300 32.7600
259.0000 12.0000 5.0000 -10.0100 -2.5200 -0.2500 -38.0000 -54.6400 32.9600
260.0000 9.0000 16.0000 -4.4300 -0.2600 1.8400 -38.0000 -55.0000 32.4500
258.0000 11.0000 13.0000 -0.3300 -0.1100 2.1200 -38.0900 -55.0900 32.3500
259.0000 10.0000 13.0000 -1.6600 -0.0500 1.0700 -38.1800 -55.0900 32.4500
258.0000 10.0000 21.0000 6.1600 -1.8000 0.2500 -38.0900 -55.2700 32.3500
260.0000 10.0000 8.0000 -3.2200 -1.9600 -0.2800 -37.6400 -55.5500 32.2400
258.0000 12.0000 17.0000 5.9000 0.5800 2.6800 -37.3600 -55.7300 31.9400
259.0000 10.0000 10.0000 -3.4700 -1.7800 0.3000 -37.4500 -56.0900 31.9400
259.0000 11.0000 11.0000 -1.5200 -1.7000 0.3300 -37.2700 -56.0000 31.6300
259.0000 9.0000 13.0000 -3.0500 -1.0900 0.9100 -37.1800 -56.0900 31.9400
258.0000 12.0000 12.0000 -4.2900 -0.7500 1.0900 -37.0000 -56.2700 31.5300
259.0000 11.0000 10.0000 -5.4600 -1.6300 0.7400 -36.9100 -56.4500 31.6300
259.0000 11.0000 12.0000 2.7700 -1.1000 0.8800 -37.0000 -56.9100 31.4300
259.0000 8.0000 22.0000 0.8900 0.1100 1.6500 -36.5500 -56.8200 31.3300
258.0000 12.0000 10.0000 0.2600 -0.9300 1.1700 -36.1800 -57.0000 31.3300
258.0000 12.0000 7.0000 -2.7800 -1.5600 0.3500 -36.0900 -57.2700 31.7300
259.0000 10.0000 11.0000 -3.8000 -1.2300 0.5800 -35.8200 -57.5500 31.5300
258.0000 11.0000 14.0000 -2.1500 -0.0500 2.0700 -36.0900 -57.8200 31.0200
260.0000 8.0000 18.0000 -1.3500 -1.3800 0.7700 -35.4500 -57.9100 31.3300
259.0000 9.0000 13.0000 -0.0300 -0.9800 1.0500 -35.4500 -58.4500 31.1200
259.0000 12.0000 13.0000 -6.2000 -1.5800 0.5200 -34.9100 -58.7300 31.2200
259.0000 9.0000 14.0000 -0.3000 -0.9600 0.9300 -34.9100 -58.8200 31.1200
258.0000 12.0000 13.0000 -2.8700 -0.7000 1.0000 -34.8200 -58.9100 31.1200
259.0000 11.0000 16.0000 0.1600 -0.7400 0.9300 -34.3600 -59.0000 30.9200
259.0000 10.0000 7.0000 1.1400 -1.8900 -0.4200 -34.4500 -59.5500 31.1200
260.0000 10.0000 13.0000 2.8200 -0.7700 1.1200 -34.2700 -59.4500 31.0200
258.0000 13.0000 8.0000 -3.0100 -1.7300 -0.0500 -34.1800 -59.7300 31.1200
258.0000 11.0000 11.0000 -1.1500 -0.5100 1.5000 -34.0000 -59.7300 31.0200
258.0000 12.0000 14.0000 -2.4900 -0.7500 1.3700 -33.6400 -60.0000 31.0200
259.0000 9.0000 18.0000 4.8300 -0.1700 2.3500 -33.9100 -60.3600 31.0200
259.0000 10.0000 8.0000 -0.1700 -2.2900 -0.3100 -33.6400 -60.2700 31.2200
258.0000 12.0000 9.0000 -1.1900 -1.3700 0.9800 -33.3600 -60.4500 31.5300
258.0000 12.0000 11.0000 -0.2800 0.3300 2.3600 -33.5500 -60.5500 31.6300
259.0000 10.0000 12.0000 -0.4000 -1.9400 -0.0700 -33.3600 -60.4500 31.3300
258.0000 11.0000 11.0000 -0.0300 -3.7800 -2.2800 -33.4500 -60.5500 31.4300
258.0000 12.0000 9.0000 -0.5600 -2.3600 -0.7700 -33.1800 -60.9100 31.5300
258.0000 13.0000 11.0000 0.0200 -2.2200 -0.0500 -33.3600 -60.8200 31.5300
259.0000 12.0000 11.0000 -0.3800 3.1300 5.6000 -33.0900 -60.8200 31.3300
259.0000 12.0000 10.0000 -0.3100 -2.1900 -0.1900 -33.3600 -60.5500 31.6300
259.0000 11.0000 11.0000 -0.4700 -1.6100 -0.6300 -33.3600 -60.6400 31.5300
258.0000 12.0000 10.0000 -0.1700 -0.8900 0.6500 -33.2700 -60.7300 31.6300
259.0000 11.0000 10.0000 -0.1700 -1.3700 0.4400 -33.0900 -60.6400 31.4300
258.0000 14.0000 11.0000 -0.1400 -1.0100 0.6700 -33.1800 -60.6400 31.5300
258.0000 13.0000 10.0000 -0.4900 -0.7000 1.3300 -33.0000 -60.7300 31.9400
258.0000 13.0000 9.0000 -0.1400 -0.4200 1.4400 -33.1800 -60.7300 31.6300
257.0000 14.0000 9.0000 -0.3300 -1.8700 0.2500 -33.1800 -60.6400 31.7300
259.0000 12.0000 10.0000 -0.1200 -3.7500 -1.7800 -33.0900 -61.0000 31.4300
257.0000 14.0000 9.0000 -0.1600 -1.3100 0.7000 -33.0000 -61.0900 31.8400
258.0000 15.0000 8.0000 0.1100 -0.8600 1.1400 -32.9100 -60.9100 31.8400
259.0000 15.0000 9.0000 -0.1200 -0.8200 1.2300 -33.0000 -60.9100 31.9400
258.0000 14.0000 8.0000 -0.1700 -0.8900 1.3300 -33.2700 -60.8200 31.6300
259.0000 13.0000 10.0000 -0.4000 -0.1400 2.1400 -33.2700 -60.6400 31.9400
258.0000 14.0000 9.0000 -0.0700 -0.6800 1.3100 -33.0000 -60.9100 31.7300
259.0000 13.0000 10.0000 -0.3100 -1.3100 0.7900 -33.0900 -60.8200 31.7300
258.0000 15.0000 9.0000 -0.3300 0.5800 3.0800 -33.1800 -60.7300 31.8400