258.0000 6.0000 -3.0000 -1.8400 -2.9200 -1.3300 -40.7300 -53.0900 6.8400
258.0000 11.0000 -4.0000 1.2900 0.2300 1.4200 -40.3600 -53.1800 6.8400
259.0000 8.0000 -3.0000 0.0000 -0.0700 -0.1400 -40.3600 -53.0900 6.9400
258.0000 8.0000 -3.0000 3.1700 -0.8600 3.8000 -40.5500 -53.2700 6.9400
260.0000 2.0000 -1.0000 -0.5200 -1.8000 -0.2100 -40.2700 -53.1800 7.0400
259.0000 10.0000 -6.0000 -0.3800 1.9100 3.0100 -40.4500 -53.2700 6.8400
258.0000 8.0000 -3.0000 -1.1400 -2.5900 -0.1900 -40.2700 -52.8200 6.9400
258.0000 12.0000 -8.0000 -0.0200 -0.6800 2.5700 -40.5500 -53.0900 7.0400
254.0000 7.0000 -8.0000 3.5200 1.4200 7.8600 -40.6400 -52.6400 6.9400
265.0000 7.0000 0.0000 -2.0000 3.2000 3.9000 -40.6400 -52.6400 7.3500
259.0000 -3.0000 -5.0000 9.5600 -14.5100 -2.8900 -40.6400 -52.5500 7.2400
247.0000 -4.0000 -2.0000 -1.6100 -9.0000 6.5500 -40.6400 -53.0000 7.5500
256.0000 7.0000 -13.0000 -4.0600 -9.8900 -3.1700 -40.9100 -52.5500 7.8600
257.0000 26.0000 -16.0000 1.5000 -0.4000 13.9000 -40.5500 -52.9100 7.6500
256.0000 2.0000 -2.0000 9.4300 10.2700 16.4700 -40.8200 -52.7300 7.7600
244.0000 -13.0000 -11.0000 0.1700 -4.8500 -2.6100 -40.9100 -51.9100 7.1400
263.0000 17.0000 1.0000 5.4300 -0.0200 14.7500 -41.1800 -52.1800 7.6500
252.0000 1.0000 -13.0000 8.2400 2.0100 16.0800 -41.3600 -51.8200 7.7600
271.0000 -9.0000 -10.0000 -29.0700 39.2900 -23.3100 -41.6400 -50.7300 7.7600
229.0000 -37.0000 13.0000 19.2100 8.1700 19.9500 -40.4500 -51.7300 6.3300
278.0000 34.0000 -13.0000 -15.9400 -6.4600 -30.0600 -40.1800 -52.7300 5.6100
250.0000 -1.0000 7.0000 -21.3700 9.6600 -11.3600 -39.3600 -54.3600 5.4100
265.0000 23.0000 -7.0000 -15.1500 37.2600 1.0900 -39.0900 -54.5500 4.6900
251.0000 -2.0000 42.0000 14.7200 -15.5900 46.4600 -38.5500 -53.5500 2.3500
256.0000 8.0000 7.0000 24.1100 -31.1800 9.5700 -39.3600 -53.0000 3.7800
263.0000 -2.0000 3.0000 -1.0900 15.9800 -23.8900 -39.7300 -53.3600 4.3900
265.0000 16.0000 17.0000 7.6700 -8.3600 2.0100 -39.0000 -54.1800 3.4700
258.0000 14.0000 15.0000 -0.5600 0.8800 4.1700 -38.8200 -54.3600 3.7800
264.0000 6.0000 9.0000 6.7900 -16.9900 12.7100 -39.7300 -53.2700 4.6900
257.0000 3.0000 13.0000 7.4900 -5.0400 0.0900 -40.1800 -53.1800 5.0000
262.0000 5.0000 11.0000 -1.0100 -0.1400 -2.1200 -39.7300 -53.3600 5.1000
261.0000 5.0000 6.0000 -5.2000 9.9000 -4.8500 -39.7300 -53.7300 5.2000
258.0000 10.0000 8.0000 -0.3700 5.6900 3.3600 -39.4500 -53.5500 4.4900
260.0000 5.0000 16.0000 -4.6700 12.2200 -1.9200 -39.0900 -53.8200 3.3700
260.0000 14.0000 11.0000 0.2500 9.4300 11.8500 -39.0900 -54.0000 3.4700
265.0000 3.0000 28.0000 0.6300 8.5100 -3.4000 -39.0000 -53.1800 2.7600
259.0000 8.0000 27.0000 1.4400 10.6600 -0.8100 -39.0000 -53.2700 1.9400
263.0000 10.0000 28.0000 -1.7000 7.2300 7.0300 -38.6400 -53.1800 1.7300
259.0000 2.0000 24.0000 1.4400 15.4700 -3.6800 -38.7300 -53.0000 1.2200
262.0000 2.0000 29.0000 0.4700 10.4700 -1.4700 -38.4500 -53.0900 1.0200
259.0000 9.0000 39.0000 -0.8100 10.8300 1.6500 -38.1800 -53.2700 -0.1000
260.0000 2.0000 40.0000 -14.0200 32.4600 -9.6300 -37.7300 -53.0900 -0.8200
261.0000 2.0000 53.0000 -6.3500 19.1100 -1.7700 -37.0000 -53.3600 -2.4500
258.0000 8.0000 60.0000 3.8300 15.0500 -1.3500 -36.3600 -53.3600 -3.6700
254.0000 5.0000 59.0000 -6.2100 25.4600 9.1900 -35.8200 -53.5500 -4.3900
259.0000 7.0000 70.0000 1.1900 18.1700 -6.4100 -35.3600 -53.1800 -5.5100
251.0000 9.0000 69.0000 -4.9200 11.5000 3.9700 -34.8200 -53.3600 -6.5300
256.0000 8.0000 74.0000 -0.3500 9.3300 -5.3200 -34.4500 -53.0000 -7.3500
250.0000 2.0000 70.0000 -6.0700 15.0500 -1.4700 -34.2700 -53.3600 -7.8600
254.0000 15.0000 86.0000 0.6700 8.3600 11.1000 -33.8200 -53.3600 -7.8600
240.0000 0.0000 83.0000 -4.0100 18.9700 3.3800 -32.9100 -53.0000 -9.6900
244.0000 2.0000 81.0000 -1.1700 18.5100 11.6900 -32.8200 -52.6400 -10.3100
250.0000 1.0000 92.0000 1.6100 11.1700 -3.5400 -32.1800 -52.4500 -11.1200
240.0000 2.0000 104.0000 -1.5600 18.4100 2.6300 -31.8200 -52.1800 -11.8400
239.0000 5.0000 106.0000 2.9600 14.3300 8.2800 -31.0000 -52.3600 -12.6500
247.0000 2.0000 107.0000 2.4900 16.2200 -5.7900 -30.2700 -52.4500 -13.4700
231.0000 0.0000 108.0000 -4.8800 30.4800 -2.7100 -29.2700 -52.8200 -14.5900
240.0000 3.0000 131.0000 1.1900 11.3600 -7.4900 -28.1800 -52.9100 -15.2000
225.0000 7.0000 126.0000 3.8000 7.8900 -4.3000 -27.0900 -53.8200 -16.3300
232.0000 5.0000 128.0000 1.1500 24.8100 -9.8200 -27.0000 -53.7300 -16.6300
215.0000 17.0000 123.0000 5.4400 5.2200 5.0700 -25.6400 -54.2700 -17.0400
214.0000 11.0000 129.0000 -6.5600 16.6800 5.0200 -25.2700 -54.2700 -17.5500
235.0000 11.0000 144.0000 -8.8900 28.5900 2.6400 -24.7300 -53.9100 -18.4700
221.0000 13.0000 146.0000 -2.9100 21.8700 18.9000 -24.0000 -53.4500 -19.6900
228.0000 8.0000 168.0000 -3.1300 18.5100 -5.4300 -22.8200 -52.8200 -20.8200
211.0000 5.0000 154.0000 1.8700 17.9200 -3.9700 -22.0900 -52.8200 -21.3300
218.0000 14.0000 168.0000 6.6700 12.8500 -4.0300 -21.0900 -53.2700 -22.2400
208.0000 8.0000 167.0000 2.2900 14.8100 -6.1100 -20.1800 -53.5500 -22.1400
208.0000 11.0000 172.0000 -5.4400 33.0200 -1.7500 -19.2700 -53.6400 -22.8600
189.0000 9.0000 169.0000 -2.2200 -0.0300 -4.9400 -17.7300 -53.6400 -24.0800
192.0000 5.0000 172.0000 -8.2400 15.0700 9.3800 -17.0000 -53.5500 -24.4900
196.0000 6.0000 186.0000 -3.0800 17.8700 -0.0300 -16.6400 -52.9100 -24.9000
192.0000 4.0000 190.0000 -3.1700 14.3500 -9.1500 -15.8200 -52.8200 -25.4100
191.0000 10.0000 198.0000 3.7100 14.8100 6.6900 -14.8200 -53.0000 -25.9200
185.0000 5.0000 196.0000 4.3800 29.3100 -7.0000 -14.3600 -52.8200 -26.3300
174.0000 7.0000 201.0000 6.4800 30.8700 2.6300 -12.2700 -53.6400 -27.0400
164.0000 6.0000 204.0000 1.0000 20.5400 -1.4700 -10.6400 -53.9100 -27.6500
149.0000 18.0000 201.0000 1.4500 18.7600 8.3600 -8.6400 -54.0000 -28.1600
154.0000 13.0000 212.0000 -3.4100 14.8200 4.1700 -7.0900 -53.6400 -28.9800
145.0000 11.0000 213.0000 -3.7100 30.4700 6.0900 -5.6400 -53.5500 -29.5900
146.0000 6.0000 241.0000 -0.1100 17.5700 0.7500 -4.3600 -53.2700 -30.0000
136.0000 5.0000 224.0000 2.0700 14.0000 -6.8200 -3.4500 -53.6400 -30.4100
135.0000 7.0000 231.0000 5.7200 11.7800 -2.0800 -2.6400 -54.2700 -30.0000
136.0000 38.0000 231.0000 -19.8100 16.0100 3.1700 -1.5500 -53.7300 -30.8200
128.0000 9.0000 247.0000 -4.7300 12.9300 -2.9400 -0.2700 -52.9100 -31.3300
123.0000 2.0000 245.0000 0.0000 7.2600 -1.2600 0.3600 -52.7300 -31.4300
119.0000 2.0000 234.0000 -3.6200 0.0500 7.6000 0.3600 -52.5500 -31.6300
103.0000 -1.0000 216.0000 -1.9100 22.4300 8.8200 1.0000 -52.7300 -31.7300
105.0000 -5.0000 242.0000 -18.7600 33.5000 -2.3300 2.4500 -51.9100 -32.5500
102.0000 1.0000 252.0000 2.5000 22.9600 5.8400 4.1800 -51.4500 -32.5500
98.0000 -4.0000 256.0000 -10.1900 50.2100 5.0100 6.0900 -51.2700 -32.7600
71.0000 -12.0000 252.0000 -3.7100 16.9200 1.2600 8.9100 -50.8200 -33.0600
71.0000 0.0000 253.0000 1.5900 -8.1500 -3.7300 9.3600 -50.6400 -33.1600
69.0000 -6.0000 256.0000 -6.6200 22.6600 -3.8700 9.8200 -50.8200 -33.0600
57.0000 -10.0000 266.0000 -11.5000 17.1100 6.6700 11.4500 -50.0000 -33.3700
55.0000 -15.0000 251.0000 -3.4800 6.0500 10.8700 12.6400 -49.3600 -33.4700
67.0000 -17.0000 252.0000 7.1400 8.9100 -7.8900 12.4500 -49.2700 -33.5700
57.0000 -9.0000 256.0000 5.2000 18.5900 -5.5500 13.0000 -49.9100 -33.2700
44.0000 -7.0000 254.0000 3.0600 15.0300 0.0900 14.3600 -50.1800 -33.2700
40.0000 -6.0000 257.0000 -2.7100 9.1500 3.0800 15.4500 -50.2700 -33.2700
41.0000 -10.0000 258.0000 -3.4500 36.2800 3.1200 16.2700 -50.1800 -33.2700
14.0000 -7.0000 260.0000 3.8200 31.6900 4.0900 18.0900 -50.1800 -32.6500
19.0000 -7.0000 253.0000 -3.9700 11.5000 15.4400 20.7300 -50.4500 -32.4500
23.0000 -9.0000 260.0000 -3.2000 30.2600 8.2400 21.0000 -50.8200 -31.9400
7.0000 -10.0000 266.0000 -5.5800 19.6300 6.1800 22.0900 -50.4500 -31.7300
-6.0000 -12.0000 257.0000 -4.0600 17.6700 1.2400 23.1800 -50.4500 -31.5300
-18.0000 -13.0000 265.0000 6.7900 19.2300 -0.7400 24.1800 -49.9100 -31.3300
-20.0000 -13.0000 273.0000 -0.8400 26.0700 8.7000 27.0900 -50.5500 -30.4100
-19.0000 -14.0000 252.0000 6.3200 8.8700 -1.7800 27.4500 -50.5500 -29.5900
-36.0000 -6.0000 250.0000 -1.9200 16.0500 3.0600 28.9100 -50.2700 -29.5900
-32.0000 -5.0000 263.0000 3.9200 25.9200 7.6100 28.9100 -50.6400 -29.6900
-42.0000 -8.0000 253.0000 -1.1900 10.5900 4.5700 30.1800 -50.9100 -28.8800
-37.0000 -17.0000 261.0000 -2.2200 23.0100 2.8900 30.8200 -50.6400 -28.3700
-44.0000 -11.0000 258.0000 10.8000 30.8000 -0.0500 32.0000 -51.0000 -27.6500
-62.0000 -3.0000 250.0000 8.2400 16.0300 4.8800 33.2700 -51.4500 -27.0400
-58.0000 -3.0000 248.0000 2.5600 52.6900 0.9800 34.6400 -52.0000 -26.1200
-82.0000 0.0000 250.0000 6.5800 35.5600 7.8800 36.8200 -52.3600 -24.2900
-88.0000 -2.0000 236.0000 7.2500 31.2600 4.6400 38.1800 -52.5500 -23.1600
-106.0000 2.0000 242.0000 -5.8100 8.0300 3.5500 39.3600 -52.7300 -22.5500
-96.0000 -1.0000 249.0000 7.1900 26.7900 2.8200 39.4500 -53.0000 -22.3500
-104.0000 -1.0000 234.0000 -4.6700 32.1700 8.2300 40.3600 -53.2700 -21.0200
-122.0000 3.0000 224.0000 -5.8100 37.2900 3.5500 42.0900 -53.4500 -19.9000
-132.0000 3.0000 224.0000 -1.1400 53.3100 6.8400 43.3600 -53.3600 -18.5700
-138.0000 1.0000 214.0000 -10.6200 32.7400 6.3700 45.0000 -53.7300 -16.3300
-146.0000 0.0000 212.0000 -1.5800 23.9700 -4.0600 45.9100 -53.2700 -15.2000
-159.0000 1.0000 202.0000 9.9000 60.9200 -7.4700 47.2700 -53.3600 -13.5700
-163.0000 -4.0000 195.0000 -7.4200 -26.1100 -2.9200 48.9100 -53.4500 -11.3300
-155.0000 -5.0000 205.0000 15.6100 11.3100 2.7500 48.4500 -53.0000 -12.6500
-166.0000 1.0000 196.0000 9.8400 10.0800 1.7000 48.6400 -53.4500 -11.8400
-168.0000 12.0000 193.0000 2.4300 4.5500 5.1300 48.9100 -53.9100 -10.9200
-167.0000 5.0000 187.0000 -14.0200 -0.9500 4.0100 49.0000 -54.5500 -10.7100
-177.0000 7.0000 198.0000 -4.3400 34.1100 12.7600 49.0000 -54.3600 -10.7100
-168.0000 4.0000 185.0000 4.3600 35.5800 5.9700 49.1800 -54.8200 -9.5900
-195.0000 11.0000 181.0000 8.6300 40.2300 8.1500 50.4500 -55.1800 -7.8600
-190.0000 12.0000 160.0000 -7.4600 15.2800 4.0300 51.1800 -55.5500 -5.2000
-206.0000 14.0000 156.0000 -4.5700 45.0100 -9.1000 51.5500 -55.7300 -3.7800
-211.0000 4.0000 150.0000 -4.3400 18.8300 5.7400 53.0000 -55.0000 -0.6100
-216.0000 7.0000 149.0000 -0.3500 23.0800 9.7800 53.4500 -55.1800 0.4100
-214.0000 7.0000 130.0000 4.5000 54.5500 3.4800 53.9100 -55.9100 3.3700
-216.0000 12.0000 123.0000 -3.4100 26.6900 -10.8900 54.2700 -55.5500 4.8000
-235.0000 7.0000 124.0000 4.2200 29.9600 2.1000 54.8200 -55.4500 6.9400
-229.0000 11.0000 113.0000 -6.9100 5.9300 -5.9000 55.0000 -55.0000 7.5500
-227.0000 8.0000 101.0000 1.6500 9.3500 -7.3900 55.4500 -54.8200 8.2700
-205.0000 -12.0000 81.0000 7.4700 87.2900 -7.2300 56.0000 -54.3600 9.6900
-253.0000 -2.0000 79.0000 16.7100 46.6500 -31.2200 56.6400 -52.2700 17.1400
-251.0000 -3.0000 68.0000 13.4400 -48.1400 16.0800 57.0000 -52.2700 15.4100
-238.0000 -7.0000 77.0000 18.3200 8.8700 14.6500 56.6400 -52.7300 14.1800
-247.0000 5.0000 73.0000 -0.8400 -28.0000 9.1200 56.4500 -53.3600 15.7100
-246.0000 -2.0000 73.0000 -8.5100 5.5000 7.6000 56.3600 -53.6400 14.1800
-237.0000 0.0000 77.0000 -13.7400 19.2100 -0.3700 56.1800 -53.9100 14.2900
-240.0000 7.0000 72.0000 -18.9300 4.5100 11.2500 56.1800 -53.6400 15.0000
-229.0000 14.0000 65.0000 -15.8400 31.7800 6.2100 56.0900 -54.0000 15.9200
-238.0000 -3.0000 62.0000 1.4700 41.3900 -1.1400 55.8200 -54.1800 17.6500
-235.0000 2.0000 31.0000 18.6400 56.3300 -10.6800 56.0000 -53.9100 19.8000
-250.0000 9.0000 30.0000 2.5400 25.7900 2.9600 55.5500 -53.4500 22.8600
-257.0000 1.0000 24.0000 11.5200 28.1900 -0.5400 55.0000 -53.6400 24.9000
-240.0000 -19.0000 7.0000 28.7200 46.6200 -8.6800 54.8200 -53.0900 26.5300
-258.0000 -1.0000 5.0000 -6.4800 10.5700 -0.8400 54.3600 -52.6400 29.0800
-259.0000 -1.0000 1.0000 -6.6300 11.4300 -9.8400 54.2700 -52.3600 30.1000
-251.0000 -9.0000 -13.0000 4.6200 38.5000 -8.1000 54.1800 -52.0900 30.7100
-266.0000 -10.0000 -20.0000 -12.5600 25.2300 11.5300 53.7300 -51.3600 32.0400
-241.0000 -13.0000 -16.0000 2.9100 20.3900 -7.1800 53.0900 -52.1800 33.6700
-241.0000 -11.0000 -37.0000 13.6000 51.7300 12.2000 52.4500 -51.6400 34.4900
-237.0000 -8.0000 -48.0000 6.0200 46.4600 -1.2100 51.4500 -51.9100 36.9400
-251.0000 -4.0000 -61.0000 4.4800 52.9700 2.6800 47.9100 -51.7300 42.4500
-236.0000 -7.0000 -75.0000 7.8200 36.4900 13.6100 47.0900 -51.9100 44.1800
-244.0000 -2.0000 -85.0000 -10.7800 8.0700 4.1800 46.0900 -52.0000 45.3100
-232.0000 -1.0000 -87.0000 -1.2400 34.2100 -4.1300 44.8200 -52.0900 46.8400
-226.0000 -7.0000 -104.0000 -8.6800 19.8300 13.0000 44.0000 -52.5500 47.7600
-224.0000 -4.0000 -102.0000 -8.7000 12.6400 6.2500 42.8200 -52.8200 48.4700
-218.0000 0.0000 -110.0000 -6.7700 28.8400 12.8500 41.2700 -54.0000 49.5900
-200.0000 2.0000 -122.0000 -0.8600 29.8900 -10.2700 40.7300 -53.9100 50.2000
-222.0000 -1.0000 -131.0000 -12.9700 -22.2800 -32.5500 40.2700 -53.0900 50.5100
-222.0000 2.0000 -125.0000 -15.0900 8.9800 -1.9800 41.0000 -52.7300 50.3100
-212.0000 -3.0000 -119.0000 -2.4200 12.7900 0.1600 39.7300 -53.6400 51.0200
-206.0000 -2.0000 -147.0000 -1.1500 34.3400 -10.4000 39.4500 -53.3600 51.5300
-195.0000 1.0000 -136.0000 -11.7400 29.9400 14.7700 37.1800 -53.1800 53.4700
-175.0000 -7.0000 -141.0000 -5.3400 55.2000 -4.2500 35.2700 -53.8200 54.4900
-188.0000 3.0000 -163.0000 -6.4100 31.0600 -1.1200 32.3600 -53.9100 56.5300
-165.0000 -8.0000 -179.0000 3.3400 66.1300 -1.4000 30.4500 -54.0900 57.3500
-144.0000 -3.0000 -183.0000 -11.9400 20.2300 15.5600 27.1800 -54.2700 58.9800
-120.0000 4.0000 -188.0000 -1.5000 36.8200 -7.1400 24.9100 -54.5500 60.1000
-116.0000 0.0000 -192.0000 -1.6600 26.8300 5.5300 22.4500 -54.7300 60.6100
-142.0000 9.0000 -212.0000 -6.7900 33.8600 11.8100 20.8200 -54.6400 61.3300
-130.0000 8.0000 -199.0000 -0.4000 -10.0100 -8.2400 18.9100 -55.4500 61.7300
-120.0000 10.0000 -217.0000 -7.8200 29.9100 8.5600 18.8200 -55.4500 61.8400
-111.0000 12.0000 -202.0000 -4.4300 23.1700 3.2400 17.6400 -55.8200 61.8400
-118.0000 12.0000 -205.0000 2.6400 20.1600 -2.4500 16.0000 -55.8200 62.2400
-94.0000 8.0000 -230.0000 -8.0000 72.7100 6.9700 15.0900 -55.7300 62.3500
-90.0000 14.0000 -218.0000 -2.8400 42.7000 5.7100 10.9100 -56.1800 62.8600
-62.0000 16.0000 -222.0000 -1.6300 25.8500 -0.7200 8.2700 -56.3600 63.1600
-60.0000 19.0000 -220.0000 6.4600 -21.5900 -2.1700 6.4500 -56.5500 63.0600
-52.0000 14.0000 -231.0000 8.7500 50.8700 -5.7100 6.9100 -56.5500 63.4700
-69.0000 21.0000 -229.0000 -15.5600 37.5400 12.2500 2.1800 -56.4500 62.8600
-35.0000 7.0000 -214.0000 6.3000 28.5600 2.4900 -0.1800 -56.4500 63.0600
-32.0000 18.0000 -247.0000 11.2500 9.3500 1.1400 -1.2700 -55.3600 62.9600
-3.0000 11.0000 -227.0000 6.2600 33.0200 0.4200 -3.8200 -55.4500 62.8600
-19.0000 6.0000 -239.0000 -2.0300 8.3800 6.2800 -3.8200 -54.9100 62.7600
-12.0000 11.0000 -237.0000 -0.5800 12.0600 7.8900 -4.6400 -55.1800 62.9600
1.0000 12.0000 -247.0000 -11.6700 35.2600 5.8100 -6.1800 -55.2700 62.4500
16.0000 14.0000 -227.0000 -3.5000 17.9400 -7.0000 -8.4500 -55.7300 61.5300
11.0000 10.0000 -240.0000 -8.7000 17.3200 0.1400 -8.5500 -56.1800 61.4300
17.0000 14.0000 -221.0000 -0.7900 12.2800 2.3100 -9.3600 -56.5500 60.9200
25.0000 15.0000 -228.0000 3.0500 16.2900 1.6600 -10.3600 -56.3600 60.4100
40.0000 14.0000 -237.0000 -7.5400 39.7600 3.1500 -11.6400 -56.3600 60.0000
50.0000 22.0000 -227.0000 -6.8800 27.8100 4.3400 -13.9100 -56.4500 58.8800
58.0000 20.0000 -230.0000 -2.0800 2.6100 -4.9500 -15.1800 -56.8200 58.2700
59.0000 23.0000 -239.0000 -9.0500 3.0300 -10.7300 -15.1800 -57.0900 58.3700
61.0000 17.0000 -215.0000 1.3500 33.7100 -0.6300 -15.8200 -57.7300 57.3500
71.0000 26.0000 -225.0000 6.2500 16.8700 -8.6300 -17.5500 -57.7300 56.5300
76.0000 20.0000 -221.0000 6.4600 27.8400 -0.9800 -18.5500 -57.4500 56.1200
90.0000 23.0000 -221.0000 -1.7700 13.9000 -5.8300 -19.6400 -57.4500 54.9000
92.0000 23.0000 -215.0000 -3.0500 27.0500 -2.2600 -20.4500 -57.9100 54.9000
97.0000 27.0000 -213.0000 0.8900 14.5600 -1.6600 -21.5500 -57.9100 54.0800
104.0000 21.0000 -215.0000 4.4800 19.4400 -3.2200 -21.8200 -58.1800 53.4700
111.0000 23.0000 -215.0000 -0.3500 24.2500 -5.9300 -23.0000 -57.9100 52.8600
125.0000 27.0000 -216.0000 -4.4300 20.6800 -5.1100 -24.0000 -58.3600 51.6300
124.0000 27.0000 -197.0000 -3.4100 33.4300 -2.4200 -24.5500 -58.0900 50.8200
131.0000 29.0000 -186.0000 9.6800 -3.1900 -5.6500 -25.9100 -58.6400 49.8000
132.0000 18.0000 -202.0000 9.9600 18.8800 6.5500 -25.9100 -58.4500 49.6900
139.0000 20.0000 -194.0000 0.7200 37.1300 0.1100 -26.1800 -58.0000 50.1000
150.0000 22.0000 -181.0000 -1.3300 44.1200 1.8600 -29.6400 -57.9100 46.4300
160.0000 22.0000 -189.0000 7.4900 68.2500 8.7800 -31.1800 -57.7300 44.5900
173.0000 23.0000 -169.0000 -1.5600 27.0500 5.3900 -32.4500 -57.0900 42.8600
176.0000 23.0000 -160.0000 0.1100 18.4800 6.1100 -33.4500 -57.1800 42.1400
190.0000 16.0000 -158.0000 -0.5600 40.5100 7.1600 -34.7300 -56.9100 40.3100
192.0000 17.0000 -160.0000 -4.0100 34.4200 1.8700 -35.3600 -56.9100 38.3700
200.0000 14.0000 -138.0000 -1.4900 23.3100 -2.6300 -36.4500 -56.8200 36.3300
212.0000 17.0000 -136.0000 -10.6800 63.0700 8.1000 -37.0900 -57.3600 34.6900
216.0000 16.0000 -118.0000 0.0000 23.3100 2.8700 -38.0900 -56.9100 31.7300
218.0000 20.0000 -114.0000 -6.0000 41.4900 18.3600 -38.4500 -56.9100 30.6100
225.0000 16.0000 -109.0000 -3.5500 20.3700 5.9700 -39.1800 -56.2700 28.4700
236.0000 12.0000 -104.0000 -7.9500 36.8000 7.8900 -39.8200 -55.9100 27.3500
236.0000 16.0000 -92.0000 -4.9200 10.1700 -3.2600 -40.0000 -56.0000 25.6100
233.0000 16.0000 -84.0000 -6.9000 41.0600 9.0000 -39.9100 -55.9100 24.3900
240.0000 13.0000 -76.0000 -6.6000 41.2300 7.8600 -40.9100 -55.7300 21.9400
250.0000 17.0000 -65.0000 6.6900 10.7800 1.1900 -40.7300 -55.5500 19.6900
245.0000 13.0000 -52.0000 4.0600 41.0000 3.4000 -40.8200 -55.0000 18.8800
253.0000 3.0000 -46.0000 -2.6400 40.8500 3.6400 -41.0900 -55.0900 16.9400
255.0000 11.0000 -36.0000 4.6400 12.5800 -0.0900 -41.0000 -55.2700 14.9000
260.0000 15.0000 -43.0000 -3.6600 26.1300 1.2900 -40.9100 -55.2700 14.3900
257.0000 17.0000 -26.0000 4.6400 20.3500 -2.6600 -40.7300 -55.3600 12.8600
255.0000 15.0000 -25.0000 12.5000 -4.5300 -7.0900 -40.2700 -55.3600 11.7300
263.0000 17.0000 -16.0000 -7.0300 23.0800 -0.1700 -40.2700 -55.5500 11.7300
257.0000 4.0000 -11.0000 3.7800 53.7400 8.5200 -39.8200 -55.5500 10.3100
266.0000 14.0000 4.0000 4.8500 15.4400 2.1400 -39.5500 -55.2700 7.4500
257.0000 10.0000 6.0000 -2.0700 5.0200 -2.3500 -39.6400 -55.0900 6.4300
258.0000 7.0000 20.0000 -9.0300 13.9300 -3.4700 -39.4500 -54.7300 5.9200
262.0000 20.0000 16.0000 -9.5200 22.6300 7.0900 -38.7300 -54.6400 3.8800
259.0000 12.0000 25.0000 1.6500 -3.6600 -3.0100 -38.4500 -54.4500 2.7600
253.0000 10.0000 30.0000 -4.7100 10.3200 -9.2100 -38.0900 -55.1800 2.3500
256.0000 22.0000 27.0000 -0.8100 -31.6000 -1.3500 -38.3600 -55.0900 3.3700
267.0000 10.0000 22.0000 -1.1000 -15.3300 -4.3600 -38.2700 -55.4500 3.0600
259.0000 13.0000 9.0000 -8.8900 22.3300 18.7100 -38.6400 -54.8200 3.3700
259.0000 6.0000 25.0000 9.3500 23.9700 19.1600 -38.8200 -54.0900 2.6500
269.0000 4.0000 27.0000 25.8800 0.9100 -7.6700 -38.2700 -54.3600 2.3500
266.0000 13.0000 30.0000 -1.6800 65.2000 2.7800 -37.8200 -54.5500 1.1200
255.0000 -12.0000 51.0000 7.7900 -48.2800 -19.0700 -37.3600 -55.4500 0.1000
262.0000 23.0000 44.0000 -4.0300 21.8900 1.8700 -37.4500 -54.8200 0.1000
267.0000 10.0000 32.0000 0.4500 -6.0900 -12.4800 -37.5500 -55.0900 0.6100
265.0000 16.0000 41.0000 -12.1100 75.6300 -10.9900 -36.7300 -55.2700 -0.6100
250.0000 26.0000 58.0000 4.0900 18.9000 -0.7400 -35.2700 -55.9100 -3.1600
255.0000 4.0000 79.0000 -29.9200 88.6500 20.9100 -34.5500 -55.0900 -5.6100
244.0000 1.0000 106.0000 2.7500 58.7700 1.3500 -32.4500 -54.3600 -10.0000
243.0000 14.0000 107.0000 -18.7100 32.7600 6.8400 -30.4500 -54.7300 -12.1400
244.0000 2.0000 119.0000 6.5100 28.8600 0.7000 -29.4500 -53.4500 -14.1800
226.0000 13.0000 122.0000 10.8700 35.0900 12.6700 -28.3600 -54.0900 -15.2000
224.0000 8.0000 138.0000 -2.0800 30.1200 5.2700 -27.0000 -53.9100 -16.1200
217.0000 1.0000 134.0000 -1.1400 42.4900 7.5100 -25.5500 -53.2700 -18.3700
204.0000 7.0000 148.0000 -14.5800 49.9300 15.9600 -24.0900 -53.2700 -19.3900
208.0000 1.0000 175.0000 -3.1900 61.8300 -17.0100 -22.1800 -52.7300 -21.6300
194.0000 1.0000 178.0000 6.6700 20.5100 -19.2700 -19.0900 -53.2700 -23.3700
188.0000 15.0000 179.0000 13.4200 8.1400 -7.3200 -17.1800 -54.3600 -23.7800
182.0000 19.0000 188.0000 -0.1900 45.1000 -3.0800 -16.5500 -54.8200 -23.9800
180.0000 20.0000 193.0000 -0.4000 20.5100 -0.5200 -14.4500 -55.1800 -25.0000
177.0000 17.0000 211.0000 -9.4800 33.2200 11.9200 -13.5500 -55.6400 -25.7100
163.0000 6.0000 198.0000 4.3000 10.4000 9.9200 -11.9100 -55.0000 -26.7300
158.0000 13.0000 203.0000 -13.3200 33.2300 6.5500 -10.5500 -54.9100 -27.0400
159.0000 9.0000 224.0000 -1.2400 21.4000 -5.4600 -9.6400 -54.4500 -27.7600
150.0000 3.0000 218.0000 -12.7900 30.3400 8.8000 -6.7300 -53.4500 -29.3900
149.0000 8.0000 233.0000 -7.5300 34.8100 -2.2900 -5.3600 -53.5500 -29.8000
152.0000 3.0000 248.0000 20.1600 0.0200 -21.5400 -3.7300 -53.6400 -30.3100
129.0000 10.0000 213.0000 1.2600 -1.1200 -4.0900 -3.4500 -54.5500 -29.3900
128.0000 14.0000 221.0000 1.0700 26.8100 -1.1000 -3.2700 -55.0900 -30.0000
122.0000 10.0000 219.0000 -22.0100 44.1200 3.1700 -0.5500 -54.3600 -30.4100
110.0000 6.0000 236.0000 -9.9600 31.5000 -0.6500 1.6400 -53.6400 -31.6300
110.0000 18.0000 255.0000 5.9500 18.6700 1.4500 3.1800 -53.5500 -31.4300
96.0000 6.0000 241.0000 -3.7600 26.9300 2.6100 4.2700 -53.6400 -31.6300
94.0000 11.0000 247.0000 1.5800 11.2700 14.0200 5.4500 -53.8200 -31.9400
83.0000 -1.0000 253.0000 -6.2100 9.1200 9.5600 6.2700 -53.7300 -31.8400
77.0000 0.0000 228.0000 -4.5100 32.8800 9.8200 6.2700 -53.4500 -32.1400
76.0000 -5.0000 262.0000 2.2900 11.9400 30.5700 8.1800 -53.5500 -32.2400
71.0000 7.0000 254.0000 -5.6500 19.3900 17.3800 8.1800 -53.2700 -32.1400
67.0000 -3.0000 256.0000 14.3500 19.7700 8.8700 9.0900 -53.2700 -32.3500
61.0000 2.0000 253.0000 14.1600 4.9500 15.7800 9.4500 -54.3600 -32.0400
54.0000 8.0000 250.0000 6.0700 10.5500 9.5200 9.8200 -55.0000 -31.5300
56.0000 6.0000 247.0000 6.3200 14.2800 5.5500 10.2700 -55.2700 -31.3300
49.0000 10.0000 259.0000 12.6400 27.7700 27.0900 11.0900 -55.6400 -31.1200
26.0000 22.0000 262.0000 10.2000 70.5900 -8.1900 12.9100 -56.7300 -30.6100
29.0000 16.0000 251.0000 -9.5700 -7.6800 -0.0300 16.9100 -57.3600 -29.8000
17.0000 12.0000 270.0000 4.4800 46.0100 -9.4300 17.2700 -56.9100 -30.0000
0.0000 13.0000 268.0000 4.9700 41.4900 3.3400 20.1800 -57.0900 -29.4900
-23.0000 21.0000 260.0000 4.9700 37.1200 -1.0700 22.2700 -57.0900 -28.6700
-35.0000 14.0000 254.0000 1.5600 60.5200 -3.3400 24.2700 -57.0900 -28.2700
-52.0000 17.0000 257.0000 3.7300 36.7700 12.7100 27.5500 -57.7300 -26.7300
-55.0000 14.0000 247.0000 1.1400 37.4900 4.5700 29.3600 -57.7300 -25.8200
-69.0000 22.0000 252.0000 7.9600 36.3800 2.6100 30.8200 -57.8200 -25.1000
-86.0000 21.0000 250.0000 12.6000 67.9700 -13.8600 35.1800 -58.6400 -21.6300
-107.0000 26.0000 228.0000 4.1500 46.7400 -5.6900 38.0900 -58.7300 -19.6900
-102.0000 21.0000 229.0000 6.4200 54.9000 -20.5800 40.1800 -58.1800 -18.0600
-133.0000 25.0000 224.0000 -2.0700 35.3800 2.5000 42.3600 -57.8200 -16.4300
-129.0000 18.0000 213.0000 -2.1200 48.2000 -2.1000 43.8200 -57.7300 -15.2000
-152.0000 23.0000 209.0000 -3.4300 37.1700 10.3600 44.9100 -57.9100 -13.3700
-157.0000 28.0000 203.0000 6.0700 14.2300 8.3600 45.4500 -58.5500 -11.9400
-153.0000 25.0000 193.0000 -1.1200 30.1300 0.4000 46.1800 -58.5500 -10.9200
-173.0000 28.0000 194.0000 0.1600 23.7500 -9.4500 47.0000 -58.5500 -9.2900
-179.0000 17.0000 182.0000 -2.9100 62.5600 -12.9700 48.7300 -57.5500 -7.6500
-192.0000 19.0000 182.0000 3.4300 32.1300 -25.9000 50.2700 -57.0900 -5.6100
-192.0000 10.0000 166.0000 2.5000 28.0200 -8.4700 52.0000 -55.7300 -3.3700
-193.0000 7.0000 150.0000 3.0600 44.6100 -17.1000 52.5500 -55.5500 -2.4500
-218.0000 5.0000 155.0000 -2.8400 24.4500 2.1200 53.7300 -54.3600 0.1000
-207.0000 2.0000 137.0000 -0.3000 51.9700 1.1400 54.1800 -54.7300 1.8400
-209.0000 6.0000 126.0000 -8.6800 48.1300 2.5900 54.8200 -54.9100 4.1800
-236.0000 11.0000 105.0000 -0.0700 79.0500 -21.2500 55.7300 -54.3600 8.2700
-246.0000 0.0000 75.0000 9.8500 74.6200 -8.4400 56.6400 -53.2700 12.7600
-254.0000 0.0000 77.0000 -1.2800 -3.8500 18.4400 56.7300 -52.4500 16.5300
-240.0000 4.0000 60.0000 4.6000 1.7300 14.3900 56.2700 -53.8200 16.6300
-246.0000 11.0000 65.0000 -14.1600 -5.8600 1.7300 55.9100 -54.4500 17.1400
-252.0000 4.0000 71.0000 -26.2300 -20.3200 15.7300 55.6400 -54.6400 16.8400
-187.0000 -14.0000 52.0000 -36.1400 129.7300 -9.4000 55.4500 -55.2700 15.3100
-251.0000 -5.0000 41.0000 7.8000 21.7900 -7.3700 55.3600 -55.0900 20.7100
-242.0000 -3.0000 18.0000 8.5700 51.1200 -29.6100 55.2700 -54.4500 22.4500
-259.0000 -10.0000 10.0000 14.9600 5.4300 5.6900 55.2700 -52.8200 25.2000
-234.0000 -6.0000 9.0000 8.2100 -19.2100 -15.1900 55.1800 -52.2700 26.1200
-244.0000 -15.0000 5.0000 -5.0700 50.1500 -18.2000 55.5500 -51.7300 26.0200
-246.0000 -9.0000 5.0000 -1.1900 4.0100 12.2700 55.7300 -50.5500 27.8600
-254.0000 -8.0000 -3.0000 -4.3400 39.1700 2.0100 54.5500 -51.0000 30.4100
-254.0000 -16.0000 -18.0000 1.1900 27.0200 8.0900 54.0000 -51.1800 31.7300
-246.0000 -12.0000 -10.0000 6.2000 31.6200 0.0000 53.1800 -51.0000 33.6700
-226.0000 -11.0000 -43.0000 12.9000 88.4400 24.7600 51.2700 -52.0000 37.5500
-238.0000 -8.0000 -62.0000 7.3500 53.6900 9.5600 49.2700 -52.2700 40.3100
-245.0000 3.0000 -80.0000 -1.8400 67.0900 12.1500 46.2700 -52.7300 44.4900
-216.0000 -1.0000 -90.0000 2.8200 68.4300 -7.7500 44.3600 -52.6400 47.1400
-228.0000 -5.0000 -107.0000 3.1200 34.2800 -0.2800 41.9100 -52.2700 49.5900
-205.0000 -6.0000 -128.0000 1.2100 43.8400 -5.8400 40.6400 -52.4500 51.0200
-198.0000 -9.0000 -129.0000 -0.1100 33.1600 0.7400 38.5500 -52.3600 53.1600
-186.0000 -10.0000 -136.0000 6.4400 53.6000 4.0800 36.4500 -52.0000 54.3900
-195.0000 -3.0000 -149.0000 4.9200 38.3600 18.1800 33.3600 -51.7300 56.9400
-181.0000 -1.0000 -169.0000 -8.9400 69.6800 21.5900 30.3600 -52.3600 58.4700
-153.0000 4.0000 -192.0000 -3.8700 49.6700 2.4900 27.3600 -52.9100 59.8000
-154.0000 3.0000 -169.0000 6.3500 59.9600 0.2100 24.3600 -53.2700 60.8200
-128.0000 3.0000 -212.0000 8.1500 91.9400 5.3600 20.1800 -52.8200 62.9600
-118.0000 -3.0000 -203.0000 8.0700 56.6100 20.3400 15.4500 -52.5500 63.8800
-87.0000 -5.0000 -208.0000 -0.9800 19.2800 3.6800 12.6400 -52.4500 64.6900
-84.0000 -1.0000 -215.0000 5.2800 11.4600 0.2300 10.5500 -52.0000 64.8000
-66.0000 -4.0000 -237.0000 -0.2600 60.5200 -3.1200 9.6400 -51.9100 64.9000
-56.0000 0.0000 -233.0000 -3.1300 47.9900 1.8000 7.1800 -51.8200 65.0000
-65.0000 2.0000 -239.0000 -10.8100 2.5600 1.2800 4.3600 -52.1800 65.1000
-51.0000 0.0000 -230.0000 -6.1600 25.3900 -4.0300 3.5500 -52.6400 64.9000
-41.0000 13.0000 -263.0000 -15.8400 66.3900 2.3600 1.9100 -52.9100 64.3900
-30.0000 7.0000 -200.0000 -3.5500 32.3900 2.1900 -1.1800 -53.5500 63.9800
-22.0000 7.0000 -230.0000 13.1400 -25.9300 -3.6400 -4.0900 -53.9100 63.4700
-3.0000 1.0000 -236.0000 13.0600 60.4800 -16.1200 -3.0000 -53.5500 64.1800
-14.0000 1.0000 -242.0000 -2.3600 -12.9500 7.0700 -5.2700 -52.9100 63.7800
-10.0000 1.0000 -215.0000 -7.9800 4.6900 7.1900 -4.8200 -52.7300 63.9800
-13.0000 5.0000 -246.0000 -4.9500 -8.4200 11.6700 -5.9100 -53.0000 63.3700
16.0000 15.0000 -214.0000 -23.9700 41.9000 -23.6900 -7.6400 -54.4500 62.6500
-2.0000 11.0000 -206.0000 -4.3400 -15.4000 10.4300 -7.1800 -55.3600 62.4500
0.0000 18.0000 -232.0000 3.3100 -17.8300 3.8000 -6.5500 -55.0900 62.5500
-4.0000 17.0000 -237.0000 -3.2600 5.2000 2.9800 -7.0900 -54.8200 62.2400
26.0000 10.0000 -255.0000 10.4500 65.7500 -3.0300 -7.3600 -55.0000 62.5500
-8.0000 23.0000 -230.0000 -9.6100 -26.6700 2.9800 -9.7300 -55.0000 61.7300
17.0000 13.0000 -233.0000 6.7900 -3.2900 -4.6200 -8.5500 -54.7300 62.2400
13.0000 11.0000 -232.0000 -3.7600 -31.0100 3.0300 -7.5500 -54.9100 62.2400
-2.0000 18.0000 -241.0000 1.2100 -9.7800 0.7000 -7.1800 -54.6400 62.4500
15.0000 7.0000 -237.0000 1.6600 10.4500 -2.3500 -7.0000 -54.8200 62.6500
-3.0000 16.0000 -249.0000 -11.2000 -15.4500 5.0400 -7.0900 -54.9100 62.0400
-15.0000 16.0000 -217.0000 1.6100 -56.8800 9.2700 -5.5500 -55.5500 62.4500
-19.0000 20.0000 -240.0000 -3.5200 -2.0700 0.1900 -3.6400 -55.2700 63.3700
-18.0000 11.0000 -227.0000 3.6100 -7.4400 -5.3600 -2.9100 -55.2700 62.7600
-28.0000 14.0000 -226.0000 2.7500 -26.3000 -4.6700 -2.2700 -55.3600 63.0600
-42.0000 15.0000 -228.0000 6.6900 -43.1700 2.7700 -0.4500 -55.1800 63.5700
-53.0000 17.0000 -244.0000 -2.4200 -45.3300 3.7500 2.1800 -54.9100 63.5700
-60.0000 14.0000 -229.0000 -3.5900 -52.6600 2.8200 5.0000 -55.0000 63.9800
-73.0000 14.0000 -224.0000 -2.9600 -23.3400 -6.4400 7.7300 -55.1800 63.5700
-85.0000 18.0000 -219.0000 -1.7300 -33.3200 1.3700 9.2700 -55.3600 63.3700
-90.0000 9.0000 -215.0000 2.7500 -33.2200 -4.1700 11.2700 -55.3600 63.5700
-105.0000 15.0000 -215.0000 -0.0200 -42.7700 1.7500 13.0900 -55.1800 63.1600
-114.0000 11.0000 -213.0000 3.1200 -54.1800 -0.2100 15.3600 -55.0000 62.8600
-129.0000 14.0000 -190.0000 3.0500 -43.8000 -1.4400 18.5500 -55.2700 62.1400
-149.0000 15.0000 -192.0000 3.5000 -23.5200 -4.6900 21.1800 -55.0000 61.5300
-156.0000 15.0000 -191.0000 -4.5500 -40.5100 9.1200 22.6400 -54.4500 60.9200
-159.0000 12.0000 -182.0000 -4.1700 -31.7800 14.7900 24.3600 -55.0000 60.3100
-158.0000 12.0000 -171.0000 2.5900 -44.7500 5.3700 27.7300 -55.7300 58.3700
-176.0000 17.0000 -157.0000 -5.7100 -67.7900 2.0100 30.6400 -55.6400 56.2200
-174.0000 16.0000 -146.0000 8.2600 -40.5100 -4.1700 33.4500 -55.1800 54.9000
-193.0000 14.0000 -150.0000 2.3300 -6.0000 -6.4100 34.5500 -54.6400 54.8000
-197.0000 13.0000 -143.0000 -1.7700 -20.6500 -3.2900 35.0000 -54.8200 54.2900
-204.0000 13.0000 -141.0000 1.6600 -18.4800 -2.9100 36.1800 -54.4500 53.7800
-206.0000 15.0000 -124.0000 -11.1300 -42.3700 -1.4200 37.0000 -54.6400 52.6500
-204.0000 6.0000 -127.0000 1.2600 -28.4500 -4.2700 39.0900 -54.1800 51.0200
-233.0000 9.0000 -108.0000 2.1500 -67.5800 -8.1400 41.0000 -54.1800 49.8000
-225.0000 8.0000 -105.0000 5.6000 -40.3200 7.3300 43.7300 -53.7300 47.2400
-227.0000 6.0000 -80.0000 1.8400 -58.3300 -4.1800 44.9100 -53.5500 45.4100
-240.0000 6.0000 -76.0000 2.0700 -62.1100 10.2900 46.9100 -53.6400 42.8600
-243.0000 4.0000 -52.0000 3.1500 -70.8900 0.3100 48.8200 -53.9100 39.9000
-234.0000 1.0000 -25.0000 5.5700 -68.2000 -12.0200 51.0900 -53.5500 36.6300
-250.0000 4.0000 -11.0000 6.0200 -39.6500 1.2400 52.6400 -53.2700 33.1600
-256.0000 2.0000 7.0000 -5.4600 -60.7800 -6.7200 53.4500 -53.0000 31.3300
-261.0000 8.0000 11.0000 1.0500 -34.5300 8.9400 54.7300 -52.9100 27.6500
-249.0000 1.0000 25.0000 -8.0500 -62.3400 -0.5200 55.2700 -53.0000 25.5100
-246.0000 0.0000 53.0000 8.0000 -41.9000 4.1500 55.8200 -53.0000 22.4500
-243.0000 -2.0000 50.0000 -5.7600 -49.6100 -1.9600 56.0000 -53.0900 20.1000
-241.0000 5.0000 64.0000 -4.3200 -8.1500 -2.8000 56.3600 -53.0900 17.3500
-252.0000 7.0000 80.0000 2.1900 -45.4300 5.0400 56.9100 -52.7300 16.7300
-241.0000 -2.0000 88.0000 5.1500 -19.7000 -1.2600 56.3600 -52.8200 14.2900
-236.0000 1.0000 88.0000 0.3800 -33.1100 -5.6400 56.6400 -52.5500 13.2700
-242.0000 -1.0000 103.0000 5.0900 -18.5900 4.2500 56.8200 -52.5500 11.1200
-221.0000 3.0000 102.0000 -0.3700 -24.3900 -4.8300 56.7300 -52.6400 10.4100
-233.0000 4.0000 114.0000 1.9400 -16.1000 -3.3600 56.2700 -52.4500 9.2900
-234.0000 3.0000 120.0000 2.2600 -42.0200 3.0600 56.4500 -52.2700 8.5700
-219.0000 3.0000 120.0000 0.6000 -24.6400 5.8600 56.3600 -52.2700 6.4300
-201.0000 8.0000 133.0000 7.1400 -47.0100 -9.3500 55.2700 -52.6400 2.7600
-211.0000 2.0000 150.0000 1.7300 -6.7200 -0.2600 55.1800 -52.6400 1.1200
-208.0000 0.0000 149.0000 -2.9800 -35.9800 -9.6600 55.0000 -52.1800 0.0000
-204.0000 4.0000 162.0000 -3.6400 -35.6300 -6.3200 54.3600 -51.8200 -1.5300
-197.0000 -6.0000 172.0000 8.7500 -50.2400 -3.7800 53.8200 -51.2700 -3.8800
-182.0000 0.0000 184.0000 -1.5200 -60.2900 7.4900 52.4500 -51.4500 -6.9400
-166.0000 -4.0000 185.0000 8.8900 -46.6900 -4.4100 51.0000 -51.6400 -9.6900
-164.0000 2.0000 200.0000 -0.5100 -57.4200 -1.2100 49.5500 -51.7300 -12.1400
-138.0000 6.0000 207.0000 -3.6600 -32.7400 -0.3500 48.0000 -51.5500 -14.2900
-130.0000 6.0000 219.0000 3.6900 -32.5000 15.4700 46.9100 -52.0900 -15.6100
-127.0000 3.0000 230.0000 -6.6200 -32.3200 12.9800 45.6400 -52.0900 -17.1400
-124.0000 3.0000 225.0000 -9.9000 -38.0300 4.5000 43.7300 -52.4500 -18.6700
-112.0000 3.0000 240.0000 2.2400 -46.9400 8.8000 42.3600 -52.2700 -20.0000
-90.0000 8.0000 243.0000 -0.7400 -27.9500 -5.3000 40.5500 -52.5500 -21.4300
-84.0000 -2.0000 251.0000 4.2900 -34.6200 -6.9000 39.1800 -52.3600 -22.6500
-87.0000 7.0000 252.0000 3.4000 -28.5900 5.9700 38.2700 -52.5500 -23.5700
-60.0000 6.0000 239.0000 3.7800 -21.9800 -14.3300 36.6400 -52.7300 -24.3900
-64.0000 2.0000 258.0000 -3.4800 -20.1400 -7.0500 35.7300 -52.3600 -25.4100
-50.0000 6.0000 251.0000 -6.8100 -19.9800 4.9900 34.6400 -52.1800 -26.0200
-52.0000 -1.0000 248.0000 -4.2000 -16.2700 -9.4700 33.6400 -51.9100 -26.4300
-43.0000 3.0000 257.0000 -4.6200 -25.6500 7.0200 32.9100 -51.7300 -27.5500
-42.0000 1.0000 258.0000 -8.3300 -36.6600 -4.0600 31.7300 -51.3600 -27.8600
-26.0000 -6.0000 259.0000 -6.8400 -25.8600 12.6900 30.1800 -50.5500 -29.0800
-22.0000 -3.0000 267.0000 4.7400 -36.9800 24.2400 28.3600 -50.1800 -29.6900
-3.0000 2.0000 259.0000 -11.1500 -34.5300 -0.1400 26.4500 -51.2700 -30.5100
-7.0000 -2.0000 272.0000 16.6100 -27.0900 1.3700 24.2700 -51.0000 -31.4300
8.0000 -7.0000 255.0000 1.6500 -4.1300 -4.5100 23.1800 -51.5500 -31.2200
-3.0000 2.0000 263.0000 -1.0900 -38.7300 4.5500 22.4500 -51.6400 -31.2200
9.0000 3.0000 262.0000 -1.1900 -33.0800 0.1400 21.3600 -51.7300 -31.4300
32.0000 0.0000 267.0000 1.1900 -24.0400 -1.0100 18.4500 -51.5500 -32.4500
37.0000 -1.0000 254.0000 -5.0700 -20.4600 -5.3600 17.3600 -51.0000 -32.5500
41.0000 -1.0000 263.0000 4.8800 -35.1200 -2.3600 15.6400 -51.0900 -32.8600
54.0000 1.0000 262.0000 0.1200 -34.7400 -11.8800 13.8200 -51.3600 -32.8600
62.0000 8.0000 254.0000 -3.6100 -30.5500 -9.4800 11.9100 -51.2700 -33.0600
66.0000 -4.0000 226.0000 14.4600 -54.5800 -6.6300 8.6400 -52.3600 -32.7600
91.0000 38.0000 254.0000 13.7900 -37.7300 14.8600 6.6400 -52.7300 -32.4500
101.0000 12.0000 238.0000 -3.4000 -32.8700 10.6600 4.3600 -53.5500 -31.9400
113.0000 5.0000 237.0000 12.5100 -28.3000 17.5700 2.0000 -53.2700 -31.4300
123.0000 8.0000 233.0000 6.9100 -39.5000 5.4400 -0.5500 -54.0000 -31.0200
133.0000 18.0000 232.0000 -6.7200 -32.8700 12.8500 -2.2700 -54.1800 -30.4100
146.0000 15.0000 233.0000 6.3200 -33.9700 -3.8500 -5.0000 -53.7300 -29.5900
161.0000 7.0000 232.0000 9.0100 -35.8600 5.6200 -6.9100 -54.4500 -28.9800
169.0000 32.0000 210.0000 25.1100 -50.2600 5.0900 -9.5500 -55.1800 -27.4500
187.0000 9.0000 201.0000 -11.1700 -12.4800 -4.1800 -12.0000 -55.6400 -26.4300
159.0000 20.0000 206.0000 3.7500 -39.4300 1.0700 -12.1800 -55.6400 -26.3300
196.0000 23.0000 197.0000 2.4300 -74.8100 -7.5300 -14.4500 -55.6400 -24.9000
200.0000 15.0000 171.0000 -15.8000 -25.4300 -9.3500 -17.6400 -55.5500 -23.3700
189.0000 23.0000 164.0000 -7.2600 -31.8500 1.5400 -18.7300 -55.2700 -22.2400
217.0000 19.0000 161.0000 -2.5600 -22.9100 1.7800 -20.1800 -55.0000 -21.5300
213.0000 20.0000 153.0000 -13.1800 -25.4600 16.5400 -21.8200 -54.9100 -20.6100
217.0000 4.0000 128.0000 11.3800 -61.6500 4.6700 -23.2700 -54.0900 -19.9000
239.0000 19.0000 127.0000 -3.4300 -26.3500 2.1700 -25.5500 -54.3600 -17.5500
232.0000 13.0000 124.0000 -4.3600 -9.8000 -8.1500 -27.0900 -54.2700 -15.7100
241.0000 16.0000 104.0000 -9.6600 -41.9500 -0.2500 -27.1800 -54.4500 -15.5100
235.0000 16.0000 121.0000 4.2200 -50.0300 13.2100 -29.3600 -54.4500 -13.9800
243.0000 8.0000 93.0000 0.7400 -28.9600 -7.1900 -31.0900 -53.8200 -11.7300
250.0000 20.0000 86.0000 6.3900 -28.5100 6.9300 -32.2700 -54.0000 -10.4100
251.0000 9.0000 82.0000 12.3900 -43.0000 2.9900 -34.8200 -54.1800 -5.8200
256.0000 11.0000 57.0000 3.6100 -17.5500 4.4300 -35.5500 -54.0900 -4.8000
244.0000 8.0000 58.0000 2.7700 -13.6500 4.2900 -36.0000 -54.0000 -4.0800
286.0000 18.0000 57.0000 -0.8200 -32.3800 -18.8500 -36.3600 -54.7300 -2.7600
245.0000 19.0000 50.0000 1.6100 -37.1500 -2.4300 -36.5500 -55.2700 -1.0200
273.0000 12.0000 31.0000 3.2400 -47.9000 18.6000 -38.1800 -54.3600 1.5300
274.0000 11.0000 12.0000 5.9000 -35.3800 -5.2800 -39.2700 -53.9100 3.9800
251.0000 14.0000 11.0000 9.9600 -57.2100 -7.6100 -39.8200 -54.4500 6.2200
252.0000 17.0000 -15.0000 -5.9300 -39.3400 5.5100 -40.0900 -55.0000 9.8000
266.0000 2.0000 -28.0000 3.7500 -18.0400 1.5200 -40.7300 -54.5500 11.2200
255.0000 12.0000 -25.0000 -0.4700 -32.8000 -7.4000 -40.8200 -54.6400 11.9400
249.0000 4.0000 -22.0000 9.2900 -65.0800 -14.0500 -40.6400 -54.9100 13.2700
234.0000 33.0000 -63.0000 -6.2600 -31.1000 2.9100 -40.5500 -56.0900 17.4500
264.0000 7.0000 -55.0000 2.1500 14.7300 -13.6100 -40.4500 -56.1800 18.4700
233.0000 33.0000 -66.0000 -4.1800 -49.5400 5.6700 -39.9100 -57.0900 18.7800
244.0000 37.0000 -90.0000 -5.6500 -4.3000 30.4000 -40.0900 -56.6400 21.8400
241.0000 7.0000 -72.0000 -7.8200 -32.2400 7.0700 -40.6400 -55.4500 22.2400
224.0000 20.0000 -93.0000 -0.7200 -51.8200 7.2500 -40.7300 -55.2700 24.0800
236.0000 17.0000 -113.0000 0.7700 -39.0100 -7.1800 -40.3600 -55.0900 26.7300
229.0000 11.0000 -110.0000 -4.5500 -38.6600 -3.4800 -39.8200 -55.0900 28.6700
222.0000 15.0000 -127.0000 2.0500 -15.9300 3.2700 -39.2700 -55.0000 30.6100
209.0000 16.0000 -127.0000 -8.8600 -22.2100 -3.5200 -39.1800 -55.3600 31.5300
213.0000 18.0000 -129.0000 -1.7800 -18.0900 1.3500 -38.9100 -55.2700 32.6500
215.0000 9.0000 -147.0000 4.9200 -25.8100 -13.4400 -38.2700 -55.3600 33.5700
193.0000 22.0000 -137.0000 -2.6300 -25.1800 -1.9800 -37.6400 -55.7300 35.3100
194.0000 23.0000 -153.0000 2.3300 -37.0500 -0.0500 -37.1800 -56.0900 36.5300
190.0000 20.0000 -161.0000 1.4200 -5.6200 4.8700 -36.0900 -56.0000 38.2700
190.0000 21.0000 -164.0000 -3.4300 -36.4700 -14.7200 -35.8200 -55.9100 38.8800
175.0000 19.0000 -163.0000 8.3600 12.3000 26.0400 -34.5500 -56.7300 40.6100
182.0000 21.0000 -155.0000 17.9200 -39.6400 2.2800 -34.9100 -55.0900 41.6300
179.0000 14.0000 -181.0000 12.7700 -24.0100 16.6600 -34.0900 -54.0000 43.3700
171.0000 0.0000 -194.0000 7.8600 -24.9400 0.8100 -33.5500 -53.0900 44.9000
168.0000 6.0000 -196.0000 -2.6300 4.9900 5.2800 -33.5500 -53.0000 45.2000
157.0000 6.0000 -178.0000 -5.8100 -53.8300 6.9000 -32.6400 -53.1800 46.1200
129.0000 17.0000 -186.0000 2.3100 -48.6000 3.0500 -30.7300 -53.2700 49.1800
133.0000 1.0000 -213.0000 3.7100 -21.2800 -1.9100 -29.0000 -53.0900 50.4100
135.0000 1.0000 -206.0000 -5.2000 10.4700 1.0900 -29.0900 -52.7300 50.7100
128.0000 7.0000 -197.0000 -3.3600 -14.8200 14.2500 -29.2700 -52.9100 50.7100
120.0000 1.0000 -201.0000 4.2900 -66.1100 -3.5900 -27.9100 -52.8200 51.8400
108.0000 3.0000 -222.0000 4.2900 -51.3100 -15.8000 -24.6400 -52.5500 54.8000
78.0000 -7.0000 -228.0000 4.8000 -57.0900 7.5800 -22.6400 -53.5500 55.8200
72.0000 -3.0000 -265.0000 29.9600 -87.9200 16.3300 -19.1800 -51.9100 58.5700
63.0000 -20.0000 -244.0000 -13.7600 -99.4200 64.9300 -14.5500 -50.3600 61.6300
41.0000 -13.0000 -208.0000 -26.8800 28.6100 -21.5600 -11.8200 -50.3600 62.2400
0.0000 0.0000 -215.0000 15.0300 -56.7700 11.2200 -12.0000 -51.4500 61.9400
36.0000 -11.0000 -241.0000 -4.9200 -25.6900 -13.9300 -9.4500 -50.8200 63.2700
4.0000 -7.0000 -237.0000 -5.2700 -28.3700 -15.3000 -7.3600 -51.1800 63.4700
-13.0000 2.0000 -244.0000 9.4200 -69.4200 -8.6500 -4.2700 -51.9100 64.0800
-26.0000 -1.0000 -236.0000 3.4800 -62.3200 -12.5300 -0.8200 -51.5500 64.9000
-56.0000 -3.0000 -245.0000 -2.5000 -48.1100 -5.4300 2.5500 -51.7300 64.8000
-72.0000 -19.0000 -225.0000 12.5100 -30.0100 -3.0800 5.5500 -51.4500 64.8000
-58.0000 -15.0000 -212.0000 -2.2400 -41.7200 26.4100 8.0900 -51.0900 65.3100
-192.0000 -16.0000 -179.0000 17.0400 -202.2500 60.2900 10.3600 -51.1800 64.8000
-60.0000 14.0000 -249.0000 -28.8000 79.0100 -36.5800 19.7300 -50.4500 63.1600
-128.0000 -12.0000 -156.0000 0.1900 -70.9400 11.7300 17.5500 -50.8200 63.7800
-176.0000 -7.0000 -225.0000 17.3200 -4.2900 -31.3900 20.0000 -51.1800 63.0600
-144.0000 -33.0000 -221.0000 17.8800 -37.2600 -3.8700 21.2700 -49.3600 63.3700
-142.0000 -12.0000 -196.0000 -4.9900 -12.9800 -1.5000 24.4500 -48.9100 62.7600
-188.0000 -33.0000 -171.0000 35.3800 -58.5400 4.6200 26.4500 -47.4500 61.8400
-151.0000 -19.0000 -185.0000 1.2300 10.5300 -14.0700 26.5500 -47.1800 62.0400
-151.0000 -33.0000 -184.0000 0.2600 -8.5700 -4.9700 27.4500 -46.7300 61.5300
-199.0000 -40.0000 -184.0000 -3.8300 -54.0400 15.5700 28.6400 -47.0900 60.8200
-161.0000 -30.0000 -177.0000 3.0500 -12.1500 -1.9800 30.3600 -47.0000 59.8000
-148.0000 -33.0000 -158.0000 9.5900 -25.9300 -7.7200 31.5500 -47.0900 59.2900
-187.0000 -35.0000 -169.0000 2.9200 -19.7000 4.5500 32.5500 -45.4500 59.2900
-170.0000 -39.0000 -168.0000 -10.0800 -12.1600 -8.1400 33.4500 -45.7300 58.4700
-166.0000 -45.0000 -144.0000 -7.6100 -21.2500 -5.0900 34.7300 -46.2700 57.7600
-198.0000 -26.0000 -155.0000 -9.1500 -37.5400 -3.6400 35.3600 -46.5500 57.5500
-194.0000 -53.0000 -132.0000 -17.9500 -58.6100 7.4400 38.4500 -47.4500 54.8000
-197.0000 -30.0000 -135.0000 -7.0700 -29.8400 8.2100 39.9100 -47.8200 53.0600
-192.0000 -26.0000 -124.0000 -9.6300 -38.8700 -3.8300 41.6400 -48.8200 51.3300
-214.0000 -18.0000 -111.0000 14.1100 -55.1600 12.2000 43.5500 -48.9100 49.6900
-241.0000 -23.0000 -96.0000 -2.6800 -66.9500 38.5700 45.7300 -48.7300 47.0400
-200.0000 -26.0000 -81.0000 -2.5900 -9.9900 -9.7800 47.1800 -50.6400 44.2900
-245.0000 -15.0000 -78.0000 -12.3600 -28.8700 -15.4000 47.9100 -50.0000 43.9800
-250.0000 -14.0000 -68.0000 -12.6000 -32.4800 6.4900 49.0000 -49.5500 42.4500
-228.0000 -20.0000 -58.0000 -0.0200 -32.4300 4.1100 49.8200 -50.2700 40.5100
-247.0000 -21.0000 -55.0000 3.5700 -50.2100 -10.4000 50.9100 -50.0900 39.1800
-250.0000 -23.0000 -46.0000 -1.7200 -23.4800 -17.2200 52.2700 -49.2700 36.9400
-243.0000 -34.0000 -41.0000 19.7200 -13.5800 -49.7200 53.1800 -48.3600 35.6100
-229.0000 -39.0000 -32.0000 16.1700 -20.7400 7.4400 54.1800 -45.7300 35.4100
-241.0000 -38.0000 -26.0000 -4.6200 -16.4800 13.8800 54.6400 -45.3600 34.0800
-249.0000 -25.0000 -11.0000 -19.2500 -28.4700 49.0000 54.9100 -46.5500 33.1600
-253.0000 -27.0000 -4.0000 -2.3300 -26.3700 7.8000 54.8200 -48.6400 31.7300
-240.0000 -10.0000 -4.0000 2.1200 -30.4000 34.2700 55.0000 -49.6400 30.4100
-239.0000 -23.0000 -4.0000 5.4600 4.0600 3.0800 55.0900 -51.3600 29.2900
-254.0000 -1.0000 -6.0000 10.5000 -33.9000 -13.9800 54.8200 -51.4500 29.2900
-261.0000 -11.0000 14.0000 14.1100 -51.2400 16.8200 55.5500 -51.6400 26.7300
-253.0000 -6.0000 26.0000 -0.9500 -60.7800 0.9800 56.0900 -51.4500 23.7800
-249.0000 -11.0000 37.0000 5.7400 -46.3200 5.2500 56.5500 -51.6400 21.0200
-250.0000 -6.0000 39.0000 -3.8700 -70.6800 0.4000 57.0000 -51.4500 17.4500
-241.0000 -11.0000 73.0000 -1.0900 -48.3000 -6.3900 57.3600 -51.0000 14.2900
-235.0000 -7.0000 89.0000 5.3900 -37.7100 -4.4600 57.2700 -51.0000 11.2200
-231.0000 -5.0000 95.0000 2.1500 -29.8700 7.5600 57.2700 -50.9100 9.5900
-239.0000 -1.0000 111.0000 2.6300 -33.8100 -2.0800 57.0900 -50.7300 8.0600
-229.0000 -18.0000 121.0000 11.8800 -67.6200 -8.3300 56.9100 -50.7300 4.8000
-197.0000 -7.0000 132.0000 -2.0300 -45.1300 2.7100 55.9100 -50.6400 1.6300
-213.0000 -8.0000 152.0000 -4.4600 -44.0500 -0.5600 55.3600 -50.6400 -0.6100
-202.0000 -13.0000 157.0000 -10.9000 -60.9700 -1.2100 54.3600 -49.9100 -3.5700
-187.0000 -13.0000 175.0000 -3.2200 -27.2500 5.5300 53.5500 -49.7300 -6.3300
-192.0000 -14.0000 183.0000 -8.0500 -38.7600 1.7000 52.9100 -49.7300 -7.9600
-172.0000 -15.0000 180.0000 -3.0800 -30.2400 9.7100 51.8200 -49.9100 -10.0000
-172.0000 -13.0000 192.0000 -4.5700 -26.3000 1.4200 50.5500 -50.4500 -11.6300
-143.0000 -20.0000 188.0000 -16.6400 -41.6900 -8.9800 49.4500 -50.2700 -12.8600
-149.0000 -22.0000 209.0000 -11.8300 -26.5300 0.3700 48.7300 -49.7300 -14.5900
-139.0000 -26.0000 218.0000 -6.0200 -29.0300 6.6900 47.8200 -48.8200 -16.1200
-136.0000 -25.0000 211.0000 -3.2700 -19.2100 -2.2200 46.5500 -48.9100 -17.3500
-138.0000 -20.0000 222.0000 -7.7400 -34.2100 -1.9800 45.8200 -48.6400 -18.3700
-134.0000 -27.0000 225.0000 -9.2700 -44.5000 -4.6600 44.6400 -48.3600 -19.5900
-104.0000 -29.0000 230.0000 -10.9700 -35.2300 -7.7900 43.5500 -48.0900 -21.3300
-114.0000 -29.0000 234.0000 -8.1000 -27.0000 1.9400 41.5500 -47.0900 -22.9600
-100.0000 -22.0000 241.0000 -25.3200 -11.0400 -2.6300 40.5500 -46.8200 -24.0800
-94.0000 -37.0000 232.0000 8.6800 -35.6000 5.7900 40.0000 -46.0900 -24.9000
-76.0000 -30.0000 240.0000 4.9900 -33.9900 1.5800 38.7300 -46.1800 -25.9200
-88.0000 -28.0000 243.0000 3.3600 -45.2200 2.1900 37.0900 -46.4500 -26.6300
-54.0000 -27.0000 233.0000 10.8500 -16.0600 0.7700 34.3600 -46.8200 -28.4700
-49.0000 -36.0000 252.0000 -12.8300 -31.5500 -0.8900 33.1800 -46.4500 -29.1800
-64.0000 -42.0000 253.0000 10.5200 -20.4400 0.0000 33.1800 -46.2700 -29.1800
-63.0000 -33.0000 278.0000 12.0200 -24.7300 2.7000 32.1800 -46.9100 -29.3900
-41.0000 -32.0000 252.0000 3.7800 -22.5000 1.0900 30.7300 -47.1800 -30.3100
-34.0000 -33.0000 251.0000 7.9500 -34.8100 -2.1200 29.0000 -47.9100 -30.7100
-28.0000 -26.0000 246.0000 1.0000 -23.2900 0.5200 27.0900 -47.8200 -31.2200
-25.0000 -27.0000 268.0000 0.3100 -21.7200 3.1700 26.2700 -48.0000 -31.6300
-14.0000 -19.0000 258.0000 1.4000 -9.2400 -2.0000 25.7300 -48.0900 -31.6300
-8.0000 -31.0000 249.0000 -0.2800 -28.9400 -6.9000 24.4500 -48.0000 -32.0400
3.0000 -33.0000 267.0000 -7.2800 -21.5100 -2.3100 23.1800 -47.6400 -32.8600
3.0000 -24.0000 259.0000 0.2800 -40.5800 -6.5800 21.6400 -47.7300 -33.0600
20.0000 -25.0000 256.0000 8.3000 -14.0500 -3.7800 20.0000 -47.7300 -33.3700
23.0000 -26.0000 258.0000 -6.1600 -19.3500 -10.5200 19.5500 -47.7300 -33.4700
27.0000 -18.0000 260.0000 0.8800 -25.1100 -0.6100 18.1800 -47.3600 -33.6700
34.0000 -24.0000 250.0000 -4.4300 -9.7300 0.8400 17.0000 -47.2700 -33.9800
42.0000 -26.0000 268.0000 6.3500 -24.1000 3.9700 15.9100 -47.4500 -34.1800
46.0000 -28.0000 257.0000 -21.6800 -22.6400 -0.8400 14.6400 -47.5500 -34.2900
57.0000 -25.0000 256.0000 -2.1900 -33.5000 2.9800 13.1800 -46.7300 -34.4900
70.0000 -24.0000 250.0000 10.3600 -48.0000 5.9700 11.0900 -46.8200 -34.4900
77.0000 -24.0000 244.0000 5.4400 -25.1700 2.5400 8.3600 -47.2700 -34.3900
70.0000 -18.0000 252.0000 1.3700 -60.5200 17.0600 7.0000 -47.8200 -34.0800
108.0000 -18.0000 243.0000 13.9500 -88.6200 10.0600 3.2700 -47.9100 -33.7800
121.0000 -20.0000 220.0000 2.7800 -91.2500 -15.9600 -1.8200 -48.5500 -32.7600
126.0000 -8.0000 216.0000 1.8200 -50.2800 9.0000 -5.8200 -49.0000 -31.5300
159.0000 -25.0000 194.0000 -7.9300 -20.9600 4.7300 -9.3600 -48.6400 -30.2000
170.0000 -24.0000 210.0000 -9.2700 -27.3400 6.0700 -10.6400 -48.5500 -29.9000
170.0000 -24.0000 202.0000 -0.7200 -32.6500 -1.1500 -12.5500 -47.9100 -29.2900
172.0000 -25.0000 189.0000 1.8200 -16.7300 3.3600 -14.0000 -47.5500 -28.5700
184.0000 -23.0000 195.0000 -4.5300 -57.1500 1.6500 -17.4500 -47.3600 -26.8400
194.0000 -21.0000 181.0000 7.2500 -37.7000 -6.8800 -19.5500 -47.6400 -25.7100
202.0000 -22.0000 173.0000 -0.9100 -37.5900 -8.4200 -21.7300 -47.6400 -24.0800
201.0000 -21.0000 172.0000 1.4700 -54.2500 18.9700 -23.5500 -47.7300 -22.6500
210.0000 -22.0000 157.0000 -0.0300 -46.3200 3.8300 -25.8200 -47.1800 -20.9200
230.0000 -30.0000 134.0000 -9.1700 -80.5400 -12.8600 -29.0000 -46.8200 -18.0600
241.0000 -23.0000 119.0000 -6.3900 -24.4300 -2.2200 -31.0900 -47.2700 -15.9200
233.0000 -24.0000 110.0000 4.7300 -17.6200 -8.1200 -31.3600 -47.9100 -15.0000
242.0000 -20.0000 102.0000 -5.5300 -13.2500 -7.0300 -32.0000 -48.3600 -13.8800
253.0000 -19.0000 104.0000 -3.7600 -25.5100 -12.7100 -32.5500 -48.2700 -13.1600
244.0000 -10.0000 94.0000 -4.2700 -29.4500 -0.1400 -33.7300 -49.0000 -11.6300
237.0000 -20.0000 107.0000 4.6000 -60.6000 2.5000 -34.7300 -48.2700 -10.2000
256.0000 -12.0000 61.0000 -2.8900 4.8300 13.5300 -36.0900 -48.1800 -7.8600
257.0000 -22.0000 72.0000 -17.0100 -5.8600 13.9300 -36.4500 -47.4500 -7.9600
248.0000 -23.0000 58.0000 10.2000 -4.3200 0.2600 -36.7300 -46.6400 -7.7600
245.0000 -20.0000 75.0000 -7.8600 -18.9200 -6.5800 -36.8200 -47.0900 -7.8600
246.0000 -23.0000 65.0000 6.5300 -8.3800 -3.9400 -37.2700 -46.9100 -7.3500
254.0000 -16.0000 66.0000 8.1900 -16.5000 -9.8400 -37.0000 -47.5500 -6.5300
252.0000 -24.0000 51.0000 3.4500 -19.8300 -4.3600 -37.5500 -48.0900 -6.0200
253.0000 -11.0000 61.0000 0.4000 -18.7400 -8.3500 -37.9100 -48.2700 -4.6900
264.0000 -21.0000 46.0000 -1.0100 -14.9400 4.5300 -37.9100 -48.9100 -3.6700
251.0000 -2.0000 35.0000 4.7300 -20.4600 -5.6900 -38.9100 -48.9100 -2.4500
260.0000 -11.0000 28.0000 0.7400 -24.4500 6.4900 -39.2700 -49.2700 -1.1200
260.0000 -12.0000 29.0000 7.9600 -16.5500 1.2900 -39.9100 -49.3600 0.3100
261.0000 -26.0000 19.0000 3.8300 -49.2800 -24.0800 -40.2700 -49.3600 1.2200
257.0000 4.0000 10.0000 -0.9500 -27.1200 -5.0100 -40.6400 -50.7300 4.2900
258.0000 3.0000 -4.0000 -1.6300 -57.7200 -1.8200 -40.8200 -51.6400 5.1000
262.0000 -1.0000 -22.0000 -8.3800 -59.3400 18.8500 -41.2700 -51.9100 7.9600
252.0000 2.0000 -35.0000 -3.9600 -45.7300 10.8700 -42.3600 -50.9100 11.3300
249.0000 -6.0000 -47.0000 -3.7100 -33.5300 0.5100 -42.8200 -50.0000 15.9200
246.0000 -5.0000 -63.0000 -17.8500 -42.7700 4.3000 -43.0900 -50.6400 18.3700
239.0000 -10.0000 -89.0000 8.5900 -78.2800 -0.9300 -42.8200 -50.1800 22.0400
237.0000 -3.0000 -92.0000 -2.6800 -7.4000 0.8200 -42.3600 -50.9100 25.4100
233.0000 -1.0000 -92.0000 -1.2100 -24.6700 -3.1900 -42.1800 -50.9100 25.9200
231.0000 -3.0000 -123.0000 4.9000 -72.5200 -9.7100 -41.4500 -51.0000 28.9800
218.0000 2.0000 -130.0000 -1.2400 -34.9000 -4.7100 -40.6400 -51.7300 31.6300
217.0000 1.0000 -128.0000 -1.4900 -67.9900 -10.7500 -39.7300 -52.2700 34.8000
186.0000 9.0000 -153.0000 6.0900 -48.8600 1.0000 -37.9100 -52.3600 38.0600
184.0000 3.0000 -157.0000 2.6400 -30.4000 -5.1800 -37.0900 -52.6400 40.2000
172.0000 2.0000 -174.0000 2.8000 -59.5500 -2.5000 -35.8200 -52.6400 42.5500
170.0000 8.0000 -178.0000 3.8200 -42.4700 -9.6400 -34.0000 -52.8200 44.8000
151.0000 14.0000 -187.0000 2.1200 -36.7500 -0.5600 -32.3600 -52.8200 46.9400
141.0000 4.0000 -203.0000 4.6400 -47.1800 0.0200 -30.7300 -53.2700 48.7800
130.0000 1.0000 -190.0000 17.0100 -28.7500 11.2300 -29.0900 -53.0900 50.6100
134.0000 1.0000 -199.0000 11.9700 -45.8700 -0.6800 -28.0000 -51.7300 52.2400
125.0000 -3.0000 -220.0000 5.2500 -71.9800 -8.6300 -26.0900 -51.4500 54.0800
95.0000 -1.0000 -216.0000 0.0300 -38.4300 -8.3000 -23.2700 -51.5500 56.4300
86.0000 -1.0000 -231.0000 -0.7200 -32.7800 -5.1100 -21.0900 -51.4500 57.5500
76.0000 -2.0000 -221.0000 -2.1400 -49.2800 -6.2100 -19.6400 -51.7300 58.5700
44.0000 -8.0000 -200.0000 1.9100 -17.6700 4.5100 -17.4500 -52.5500 59.4900
54.0000 -5.0000 -243.0000 -0.0900 -36.5400 3.6900 -16.0900 -52.4500 60.3100
53.0000 -1.0000 -233.0000 6.6500 -20.0200 -6.4900 -14.0900 -52.0900 61.3300
34.0000 -3.0000 -233.0000 -1.5400 6.4600 3.0800 -13.5500 -52.0000 61.8400
40.0000 -5.0000 -244.0000 1.4900 -3.1200 0.1100 -13.4500 -51.8200 61.6300
40.0000 -3.0000 -230.0000 1.1700 8.3800 2.3800 -13.1800 -52.0000 61.6300
43.0000 -7.0000 -231.0000 -5.9500 16.0800 -3.1700 -13.6400 -52.0000 61.4300
58.0000 -5.0000 -250.0000 6.1600 -1.5900 -4.5100 -14.3600 -52.0900 61.3300
46.0000 0.0000 -229.0000 -4.9500 30.2600 3.9600 -15.7300 -52.2700 60.3100
56.0000 -1.0000 -232.0000 -4.3000 14.8400 2.6300 -16.2700 -52.0000 59.9000
68.0000 -1.0000 -228.0000 -2.6800 32.1800 -2.0800 -18.0000 -52.6400 59.2900
77.0000 -1.0000 -223.0000 -13.3900 45.6100 -5.9700 -19.5500 -53.0000 57.8600
90.0000 0.0000 -218.0000 -6.8800 54.1100 2.4700 -22.3600 -53.4500 56.4300
108.0000 2.0000 -205.0000 2.5700 55.8800 6.0000 -25.0900 -53.5500 53.6700
127.0000 1.0000 -202.0000 -4.9000 66.5000 6.8100 -27.5500 -53.0900 51.5300
136.0000 -1.0000 -200.0000 0.6300 48.4200 4.8300 -29.6400 -53.0900 49.5900
152.0000 0.0000 -194.0000 -7.4900 56.2800 6.4400 -31.5500 -52.8200 47.2400
164.0000 2.0000 -186.0000 -10.9600 50.5200 3.9200 -33.7300 -53.0900 45.3100
177.0000 8.0000 -170.0000 -5.6200 37.3500 -2.3500 -35.0000 -53.2700 42.6500
187.0000 7.0000 -150.0000 -4.9900 40.1600 4.5500 -36.1800 -53.5500 40.2000
184.0000 1.0000 -153.0000 0.7000 38.6900 9.5400 -37.2700 -53.0900 38.6700
197.0000 6.0000 -143.0000 8.0900 32.7800 12.7700 -38.0900 -52.8200 36.5300
223.0000 0.0000 -138.0000 -4.3400 42.9600 0.5400 -39.1800 -52.5500 35.1000
217.0000 3.0000 -118.0000 -3.2200 59.4500 -4.0800 -40.1800 -52.3600 32.6500
223.0000 0.0000 -118.0000 -0.0200 58.4200 -0.3700 -40.9100 -53.0000 29.4900
237.0000 0.0000 -100.0000 3.5700 28.8700 3.9400 -41.3600 -52.4500 26.1200
248.0000 1.0000 -87.0000 4.5700 40.2500 -6.1800 -42.0900 -52.3600 24.4900
248.0000 8.0000 -71.0000 -5.6700 26.8300 1.9600 -41.9100 -52.8200 22.2400
241.0000 1.0000 -66.0000 -2.7300 22.1200 4.3000 -41.9100 -53.0000 20.4100
251.0000 5.0000 -59.0000 -6.6700 38.6100 -0.1700 -41.8200 -52.6400 19.0800
250.0000 1.0000 -51.0000 -5.8600 50.0700 -5.6400 -41.7300 -52.7300 16.7300
259.0000 6.0000 -43.0000 -3.1200 38.8500 -4.1500 -41.5500 -53.1800 13.7800
259.0000 11.0000 -23.0000 -1.1400 54.8100 -12.8300 -41.0900 -53.5500 11.2200
241.0000 -3.0000 1.0000 35.9600 17.4500 8.0700 -40.1800 -54.1800 8.6700
269.0000 17.0000 -11.0000 5.2300 41.3900 8.2400 -40.1800 -54.1800 8.0600
244.0000 2.0000 24.0000 -16.3600 79.8300 -3.9700 -40.0000 -54.0900 6.5300
262.0000 5.0000 30.0000 -9.0500 45.6600 -5.7400 -38.6400 -53.9100 2.2400
252.0000 13.0000 45.0000 -1.0100 1.8200 -4.0600 -37.1800 -54.3600 -1.6300
254.0000 15.0000 44.0000 -9.9400 16.4300 9.9200 -36.8200 -53.8200 -2.1400
257.0000 6.0000 51.0000 -7.8400 45.9200 -13.2800 -35.5500 -53.8200 -4.1800
252.0000 15.0000 68.0000 -4.5100 47.9500 -7.0000 -34.4500 -54.3600 -6.9400
240.0000 22.0000 78.0000 -4.0900 45.2200 -3.4500 -32.0000 -54.9100 -10.0000
247.0000 14.0000 89.0000 -7.8400 34.6300 7.1200 -30.9100 -54.3600 -11.4300
249.0000 12.0000 104.0000 -3.7100 38.0100 2.3600 -30.0000 -54.0900 -12.9600
237.0000 11.0000 120.0000 -9.5700 34.6300 0.4200 -28.4500 -53.8200 -14.6900
232.0000 6.0000 120.0000 -8.1900 31.9200 -2.9600 -27.2700 -53.8200 -16.4300
220.0000 14.0000 138.0000 -6.1600 22.9800 2.9200 -26.0900 -53.4500 -17.9600
211.0000 8.0000 140.0000 -11.7400 38.5700 23.4800 -24.5500 -52.8200 -19.2900
221.0000 -2.0000 155.0000 -4.2900 28.1200 10.1000 -23.6400 -51.3600 -21.2200
215.0000 5.0000 162.0000 -1.7200 34.9000 5.2300 -22.1800 -51.1800 -21.9400
199.0000 -6.0000 164.0000 -4.9400 50.5800 8.4200 -20.0000 -50.7300 -23.6700
192.0000 -7.0000 171.0000 -0.3300 29.4200 -3.6600 -18.1800 -50.5500 -25.2000
184.0000 -4.0000 184.0000 -6.0400 33.8100 18.7400 -16.2700 -50.6400 -26.3300
186.0000 -8.0000 189.0000 -9.2100 27.0200 4.8300 -14.8200 -49.4500 -27.5500
183.0000 -8.0000 202.0000 0.3700 14.1800 5.0200 -13.7300 -49.3600 -28.0600
171.0000 -13.0000 208.0000 -3.1200 31.3900 5.0200 -12.7300 -49.1800 -28.6700
169.0000 -16.0000 201.0000 0.8600 22.1000 2.5900 -11.3600 -49.0000 -29.4900
159.0000 -15.0000 209.0000 -5.1500 37.6100 5.4300 -10.0000 -48.6400 -30.3100
145.0000 -19.0000 229.0000 1.1700 30.2200 20.1400 -8.1800 -48.4500 -31.1200
158.0000 -29.0000 217.0000 -2.1700 50.6100 19.5000 -6.3600 -48.0000 -31.7300
109.0000 -23.0000 234.0000 6.2100 70.5200 69.0700 -3.8200 -47.7300 -32.3500
138.0000 -37.0000 245.0000 8.3000 68.7700 10.0100 -0.8200 -47.5500 -33.3700
116.0000 -29.0000 244.0000 6.2000 57.3300 -39.5500 3.0000 -47.6400 -33.8800
55.0000 -18.0000 250.0000 -4.9200 8.6500 -1.1400 6.5500 -48.1800 -33.9800
74.0000 -32.0000 267.0000 7.8000 42.0000 0.8100 8.4500 -48.3600 -34.2900
62.0000 -28.0000 245.0000 -10.0100 78.8200 -22.2200 9.7300 -48.4500 -33.8800
46.0000 -32.0000 264.0000 6.2500 81.0600 -31.5200 19.9100 -47.9100 -33.1600
0.0000 -20.0000 295.0000 -0.5400 61.1600 4.5900 24.9100 -47.5500 -32.0400
-21.0000 -15.0000 241.0000 2.6800 38.7500 0.5600 27.5500 -47.7300 -31.1200
-21.0000 -18.0000 269.0000 12.9800 32.3800 9.8500 28.7300 -48.0900 -30.4100
-32.0000 -13.0000 247.0000 7.8200 30.8500 8.0700 31.1800 -49.3600 -28.8800
-38.0000 -21.0000 257.0000 17.0400 62.8100 -2.2900 33.0900 -49.7300 -27.6500
-72.0000 -3.0000 256.0000 -0.4500 47.1500 -2.6800 36.0000 -50.1800 -25.9200
-82.0000 -3.0000 237.0000 1.8200 25.6500 -2.4200 38.0000 -50.3600 -24.2900
-87.0000 -9.0000 248.0000 4.9900 46.6200 2.8200 39.8200 -50.4500 -23.2700
-104.0000 -7.0000 237.0000 -5.0700 57.9600 -3.4100 42.0000 -50.4500 -21.2200
-104.0000 -20.0000 218.0000 1.2400 103.4800 -25.3400 45.0900 -50.3600 -18.7800
-130.0000 -8.0000 187.0000 -2.4000 157.8000 -32.7800 50.7300 -48.0900 -11.7300
-232.0000 -19.0000 190.0000 -7.7500 -4.2700 29.3500 54.8200 -46.6400 -5.3100
-183.0000 -20.0000 172.0000 -0.4000 18.7900 -1.5800 54.3600 -47.7300 -5.2000
-184.0000 -20.0000 163.0000 -3.5400 30.1500 12.1800 54.5500 -48.1800 -3.7800
-205.0000 -15.0000 160.0000 -3.2200 30.0500 18.2300 55.4500 -48.4500 -2.0400
-198.0000 -9.0000 152.0000 3.2400 41.5300 16.6200 55.8200 -49.1800 -0.2000
-204.0000 -7.0000 135.0000 -3.8700 50.8000 -5.2200 56.2700 -49.9100 2.5500
-224.0000 -10.0000 122.0000 -4.5100 65.5200 -0.7200 57.0900 -49.2700 5.5100
-231.0000 -4.0000 104.0000 -3.9900 31.3600 2.0700 57.7300 -48.6400 8.9800
-223.0000 -3.0000 87.0000 -43.9300 101.3100 19.2300 57.9100 -48.4500 11.3300
-286.0000 -34.0000 93.0000 -10.2600 -96.7900 46.5700 57.6400 -49.7300 16.3300
-240.0000 -14.0000 81.0000 -14.0900 55.4900 8.0500 56.5500 -52.6400 12.8600
-283.0000 16.0000 70.0000 -4.0300 37.1300 2.4000 56.5500 -53.0000 15.1000
-246.0000 -23.0000 66.0000 25.5100 21.8900 9.7700 56.0900 -53.1800 16.8400
-257.0000 8.0000 58.0000 15.7300 51.4500 -13.1100 56.2700 -54.0000 16.3300
-240.0000 4.0000 48.0000 -3.9400 -2.9200 3.2700 56.2700 -52.8200 20.0000
-242.0000 -12.0000 28.0000 18.7800 117.8100 -31.3600 56.0000 -53.0900 20.2000
-288.0000 18.0000 39.0000 16.0100 -27.2300 2.5700 55.6400 -51.4500 24.9000
-259.0000 5.0000 6.0000 7.7500 54.0800 35.5600 54.9100 -51.8200 28.1600
-239.0000 -10.0000 -2.0000 6.3500 68.6900 9.4700 53.2700 -52.1800 32.5500
-242.0000 -11.0000 -28.0000 -3.4000 79.8900 2.4700 51.0000 -52.2700 36.9400
-238.0000 -3.0000 -38.0000 6.4400 34.7600 -20.6700 49.6400 -51.7300 39.8000
-247.0000 0.0000 -73.0000 -11.0600 96.4100 11.5200 47.8200 -51.5500 43.5700
-213.0000 -10.0000 -86.0000 4.1500 103.2000 -26.0200 44.0900 -51.4500 47.5500
-210.0000 -7.0000 -123.0000 -6.3900 66.9900 8.2300 41.0900 -51.2700 51.0200
-202.0000 -7.0000 -111.0000 1.9600 32.2500 -4.0600 38.1800 -51.0000 53.2700
-202.0000 -7.0000 -145.0000 -4.7300 33.3400 -6.9000 37.1800 -51.3600 53.9800
-213.0000 -2.0000 -142.0000 -4.9700 19.9500 13.8600 35.6400 -51.0000 55.7100
-195.0000 -11.0000 -145.0000 -1.2900 46.0600 8.0500 34.0900 -51.7300 56.1200
-185.0000 0.0000 -163.0000 -0.4400 33.9000 10.9600 31.6400 -52.4500 57.7600
-169.0000 4.0000 -179.0000 -2.3100 40.9700 1.2800 30.0900 -52.2700 58.1600
-165.0000 -1.0000 -175.0000 2.5600 39.8100 -6.5500 27.8200 -52.0000 59.5900
-149.0000 -3.0000 -189.0000 0.4500 70.0000 -0.7000 24.9100 -52.1800 61.1200
-147.0000 1.0000 -193.0000 -0.6100 24.2000 -6.2100 21.8200 -51.8200 62.5500
-123.0000 -5.0000 -199.0000 -1.3700 66.4500 -9.2200 19.6400 -51.5500 63.0600
-114.0000 0.0000 -215.0000 -6.6000 45.1500 2.2800 16.1800 -51.6400 63.9800
-104.0000 -9.0000 -192.0000 -6.5100 46.4800 2.1700 13.4500 -52.0000 64.3900
-69.0000 1.0000 -257.0000 5.1800 50.1500 -8.7700 10.7300 -51.9100 64.6900
-96.0000 1.0000 -234.0000 -18.4400 41.3200 20.4200 7.5500 -52.0000 65.3100
-41.0000 5.0000 -242.0000 -8.2100 57.4900 -6.4600 4.3600 -52.6400 64.6900
-15.0000 9.0000 -253.0000 -15.1700 61.3900 -0.6000 1.0900 -53.1800 64.3900
-21.0000 3.0000 -206.0000 -35.5400 57.9100 9.1900 -2.3600 -54.2700 63.2700
10.0000 4.0000 -198.0000 11.1100 35.3100 5.0200 -6.0900 -56.0000 62.1400
34.0000 12.0000 -253.0000 16.9200 43.7700 7.0700 -8.4500 -55.2700 61.6300
7.0000 7.0000 -234.0000 1.8600 29.5200 -3.6900 -10.1800 -54.4500 61.7300
58.0000 2.0000 -240.0000 15.3600 45.4100 1.3300 -12.8200 -53.7300 61.2200
51.0000 1.0000 -256.0000 -19.9000 38.5500 6.6900 -16.6400 -53.7300 59.4900
89.0000 10.0000 -243.0000 -6.5500 64.4000 2.5600 -18.9100 -54.4500 57.8600
64.0000 12.0000 -207.0000 -3.5000 58.2400 -1.0500 -21.6400 -54.7300 55.8200
97.0000 13.0000 -225.0000 0.4200 50.3300 -15.0200 -23.8200 -54.8200 54.1800
104.0000 11.0000 -211.0000 -7.3700 30.6400 3.7300 -25.4500 -55.2700 52.6500
125.0000 16.0000 -206.0000 -2.3500 34.2800 -1.6300 -26.5500 -55.6400 51.1200
132.0000 19.0000 -192.0000 8.7000 28.1200 -4.9200 -28.7300 -55.2700 49.4900
132.0000 11.0000 -191.0000 -4.8700 40.4400 7.3200 -29.2700 -55.2700 48.8800
147.0000 13.0000 -193.0000 -10.1300 39.6500 0.8400 -30.3600 -55.8200 47.3500
157.0000 24.0000 -183.0000 -3.2000 52.2200 -2.2200 -32.0900 -56.1800 45.1000
169.0000 27.0000 -180.0000 -14.5400 87.7300 16.1300 -33.1800 -56.8200 42.2400
206.0000 17.0000 -143.0000 9.7800 68.5800 30.4500 -37.1800 -55.0900 36.5300
210.0000 9.0000 -132.0000 15.7000 46.4800 20.6700 -39.4500 -52.9100 33.4700
218.0000 -3.0000 -135.0000 -4.1500 87.1800 -7.3900 -40.4500 -52.2700 30.5100
237.0000 13.0000 -108.0000 3.6400 84.5800 6.2000 -41.0900 -53.5500 26.3300
244.0000 18.0000 -70.0000 0.5200 53.5900 -12.5600 -41.3600 -54.0900 21.7300
244.0000 14.0000 -69.0000 -4.7400 51.9700 0.1600 -41.2700 -54.4500 18.6700
263.0000 21.0000 -51.0000 -4.1300 45.5900 -15.2400 -40.9100 -54.3600 16.1200
251.0000 15.0000 -29.0000 -5.1100 43.8400 -3.2900 -40.7300 -55.1800 12.9600
250.0000 14.0000 -26.0000 -5.7800 14.3700 -3.5500 -40.1800 -55.6400 10.6100
260.0000 15.0000 -10.0000 11.2900 45.5400 -7.0300 -39.7300 -55.3600 8.8800
237.0000 21.0000 -1.0000 3.5500 25.9700 21.7700 -39.4500 -55.6400 6.9400
266.0000 33.0000 -4.0000 -6.8100 21.4000 10.0800 -39.2700 -55.1800 5.3100
244.0000 15.0000 24.0000 8.5600 27.3900 5.4100 -38.9100 -54.5500 3.7800
270.0000 8.0000 36.0000 6.2500 42.5800 3.0600 -38.0900 -54.2700 1.8400
251.0000 34.0000 40.0000 -19.0700 61.5500 8.4200 -37.4500 -54.1800 -0.6100
253.0000 5.0000 55.0000 -10.1300 39.9000 -3.1700 -35.8200 -53.6400 -4.2900
258.0000 4.0000 88.0000 12.6200 17.4500 -14.1100 -34.6400 -53.5500 -6.4300
253.0000 22.0000 84.0000 10.3200 42.4600 -18.9500 -33.7300 -54.2700 -7.9600
227.0000 21.0000 70.0000 2.5600 24.3100 12.9000 -31.1800 -55.2700 -10.6100
249.0000 29.0000 95.0000 16.1900 47.3200 1.7500 -29.7300 -55.9100 -11.9400
226.0000 23.0000 98.0000 10.1900 34.9800 -2.0700 -27.9100 -56.9100 -13.4700
238.0000 4.0000 149.0000 6.0200 57.3100 19.2500 -26.3600 -56.2700 -15.4100
224.0000 24.0000 129.0000 15.0000 50.0200 -2.8500 -24.5500 -56.4500 -17.0400
213.0000 27.0000 134.0000 -7.6000 57.0000 -7.0300 -22.0900 -57.4500 -18.7800
205.0000 17.0000 184.0000 -21.1000 60.7400 21.0200 -19.9100 -55.9100 -21.7300
190.0000 16.0000 172.0000 -36.7000 54.3700 1.8600 -17.2700 -55.0000 -23.8800
191.0000 -12.0000 217.0000 -8.2400 14.5100 -1.6100 -15.4500 -53.3600 -25.6100
182.0000 23.0000 183.0000 -13.2800 37.1200 5.6900 -13.6400 -53.1800 -26.4300
171.0000 -4.0000 197.0000 -19.5600 40.7800 -4.7400 -12.0000 -51.8200 -27.9600
173.0000 1.0000 224.0000 -10.0100 21.8600 3.2400 -10.0900 -50.9100 -29.1800
153.0000 -5.0000 208.0000 -8.0700 31.2200 15.0300 -8.5500 -49.8200 -30.2000
144.0000 -17.0000 216.0000 -4.7800 13.9300 2.5600 -7.0900 -49.9100 -30.8200
143.0000 -7.0000 223.0000 -8.3800 16.9000 1.2900 -5.9100 -49.5500 -30.9200
116.0000 -3.0000 186.0000 11.5500 17.8300 -12.0900 -4.7300 -48.5500 -31.6300
133.0000 -9.0000 228.0000 8.5200 -0.0300 1.7500 -3.3600 -48.7300 -32.4500
128.0000 -2.0000 207.0000 2.6800 21.7300 15.7200 -3.1800 -48.7300 -32.3500
124.0000 -24.0000 224.0000 -2.4200 17.2400 3.3300 -1.8200 -48.6400 -32.3500
116.0000 -23.0000 242.0000 -2.6300 29.5100 9.0600 -1.3600 -48.5500 -32.9600
115.0000 -16.0000 246.0000 4.8700 19.5600 9.2700 0.1800 -48.2700 -32.9600
110.0000 -23.0000 244.0000 8.5200 9.3600 -7.4200 1.4500 -48.9100 -33.0600
102.0000 -4.0000 239.0000 -4.8700 18.0400 2.4900 2.4500 -49.3600 -33.0600
86.0000 -20.0000 226.0000 -19.1300 58.5000 5.0600 3.5500 -48.9100 -33.0600
88.0000 -11.0000 256.0000 -22.8500 27.3500 1.2800 6.1800 -48.0900 -34.0800
78.0000 -28.0000 253.0000 0.3100 22.0900 2.5700 7.9100 -47.2700 -34.2900
71.0000 -20.0000 257.0000 -6.8400 27.6500 0.5600 9.5500 -47.0900 -34.4900
59.0000 -37.0000 249.0000 -5.8300 23.1000 0.1200 11.0900 -46.9100 -34.3900
57.0000 -27.0000 264.0000 5.8300 6.0000 1.8700 12.2700 -46.9100 -34.1800
54.0000 -35.0000 248.0000 6.6700 16.5700 -18.9700 14.0900 -47.3600 -34.2900
43.0000 -16.0000 250.0000 7.1200 23.4500 -1.5000 15.2700 -48.0000 -33.9800
35.0000 -17.0000 236.0000 -1.7700 24.8000 7.4000 16.6400 -47.8200 -33.8800
36.0000 -19.0000 270.0000 -1.7500 7.5600 0.8600 17.2700 -47.6400 -33.3700
34.0000 -11.0000 265.0000 4.1500 -0.7700 2.9800 17.2700 -48.0000 -33.4700
33.0000 -22.0000 259.0000 6.9500 0.4900 2.7800 17.6400 -48.0000 -33.5700
30.0000 -34.0000 262.0000 8.3300 -0.4500 4.7300 17.2700 -48.1800 -33.3700
28.0000 -7.0000 252.0000 -1.4200 2.3100 -2.8900 17.7300 -48.7300 -33.0600
29.0000 -22.0000 254.0000 -0.2800 -0.3700 -4.5100 17.9100 -48.6400 -33.4700
25.0000 -20.0000 261.0000 -6.0900 4.8800 14.6100 17.5500 -48.2700 -33.4700
30.0000 -21.0000 258.0000 -6.4900 1.7700 0.0700 18.0900 -48.0900 -33.4700
30.0000 -18.0000 260.0000 -8.4700 10.0600 1.6500 18.0900 -47.7300 -33.4700
27.0000 -23.0000 266.0000 -0.1400 -1.6600 3.2900 18.7300 -47.4500 -33.7800
27.0000 -29.0000 263.0000 5.3900 -5.1100 -0.5100 18.4500 -47.2700 -33.2700
27.0000 -27.0000 251.0000 2.3800 -4.1800 -0.6000 18.0900 -47.7300 -33.6700
25.0000 -12.0000 261.0000 5.6200 -2.8200 2.1900 18.0900 -48.0000 -33.5700
27.0000 -33.0000 254.0000 -5.9000 -0.0500 -2.5700 17.9100 -48.0900 -33.2700
25.0000 -4.0000 255.0000 -4.3200 4.5500 10.0500 18.0000 -47.8200 -33.9800
28.0000 -28.0000 267.0000 -0.3700 -1.7700 -3.6600 18.0900 -47.6400 -33.4700
34.0000 -15.0000 247.0000 3.3400 -4.8100 -1.3700 18.5500 -47.6400 -33.5700
29.0000 -13.0000 256.0000 1.4700 -2.4000 3.2600 18.0000 -48.0000 -33.5700
25.0000 -21.0000 251.0000 -1.5200 -0.3800 -0.7000 17.8200 -48.0900 -33.3700
26.0000 -23.0000 261.0000 3.8200 -4.3000 2.1000 18.0900 -47.8200 -33.4700
30.0000 -23.0000 260.0000 -1.7300 -0.2300 2.9200 18.1800 -48.0900 -33.2700
31.0000 -18.0000 259.0000 0.4200 -1.1900 1.0500 17.8200 -48.0000 -33.5700
31.0000 -17.0000 255.0000 -0.5800 -0.8900 0.2500 17.5500 -48.1800 -33.4700
29.0000 -24.0000 257.0000 -2.9600 -1.6500 0.0200 17.9100 -48.1800 -33.4700
30.0000 -22.0000 256.0000 -5.4100 2.0500 3.0800 17.8200 -48.0900 -33.2700